提取了 405 个点坐标
提取了 1 个点数据数组，1 个数据数组（包含点数据和单元数据）
提取了 1 个单元数据数组，2 个数据数组（包含点数据和单元数据）
提取了点所属单元邻域信息
提取了单元连接关系和单元类型信息
Dataset=Data\ShipHull_0.vtk points=405 cells=268
Available arrays (POINT):
  - RF comps=3 tuples=405
Use default array: RF
Array=RF Assoc=POINT
VTK_time_ms_avg=4.3212 VTK_time_ms_min=3.9258
GL_wall_ms_avg=0.61976 GL_wall_ms_min=0.3747
GL_gpu_ms_avg=0.049244 GL_gpu_ms_min=0.048516
Compare tuples=405 comps=9 MAE=7.16172e+09 RMSE=254746 MAXE=2.38613e+12
i=0 GL=[-1.87776e+06,-391366,-421847,633335,132001,142282,-50695.3,-10566,-11388.9] VTK=[0,0,0,0,0,0,0,0,0]
i=1 GL=[0,0,0,0,0,0,0,0,0] VTK=[0,0,0,0,0,0,0,0,0]
i=2 GL=[-1.85538e+06,386701,-416818,-635200,132390,-142701,-49989.8,10419,-11230.4] VTK=[0,0,0,0,0,0,0,0,0]
i=3 GL=[0,0,0,0,0,0,0,0,0] VTK=[0,0,0,0,0,0,0,0,0]
i=4 GL=[-1.64617e+06,-2.38613e+06,21513.2,555223,804798,-7256.02,-44442.8,-64420,580.81] VTK=[0,0,0,0,0,0,0,0,0]
i=5 GL=[0,0,0,0,0,0,0,0,0] VTK=[0,0,0,0,0,0,0,0,0]
i=6 GL=[-1.62654e+06,2.35768e+06,21256.8,-556858,807168,7277.41,-43824.3,63523.5,572.726] VTK=[0,0,0,0,0,0,0,0,0]
i=7 GL=[0,0,0,0,0,0,0,0,0] VTK=[0,0,0,0,0,0,0,0,0]
i=8 GL=[0,0,0,0,0,0,0,0,0] VTK=[0,0,0,0,0,0,0,0,0]
i=9 GL=[0,0,0,0,0,0,0,0,0] VTK=[0,0,0,0,0,0,0,0,0]
i=10 GL=[0,0,0,0,0,0,0,0,0] VTK=[0,0,0,0,0,0,0,0,0]
i=11 GL=[0,0,0,0,0,0,0,0,0] VTK=[0,0,0,0,0,0,0,0,0]
i=12 GL=[0,0,0,0,0,0,0,0,0] VTK=[0,0,0,0,0,0,0,0,0]
i=13 GL=[0,0,0,0,0,0,0,0,0] VTK=[0,0,0,0,0,0,0,0,0]
i=14 GL=[0,0,0,0,0,0,0,0,0] VTK=[0,0,0,0,0,0,0,0,0]
i=15 GL=[0,0,0,0,0,0,0,0,0] VTK=[0,0,0,0,0,0,0,0,0]
i=16 GL=[0,0,0,0,0,0,0,0,0] VTK=[0,0,0,0,0,0,0,0,0]
i=17 GL=[0,0,0,0,0,0,0,0,0] VTK=[0,0,0,0,0,0,0,0,0]
i=18 GL=[0,0,0,0,0,0,0,0,0] VTK=[0,0,0,0,0,0,0,0,0]
i=19 GL=[0,0,0,0,0,0,0,0,0] VTK=[0,0,0,0,0,0,0,0,0]
i=20 GL=[0,0,0,0,0,0,0,0,0] VTK=[0,0,0,0,0,0,0,0,0]
i=21 GL=[0,0,0,0,0,0,0,0,0] VTK=[0,0,0,0,0,0,0,0,0]
i=22 GL=[0,0,0,0,0,0,0,0,0] VTK=[0,0,0,0,0,0,0,0,0]
i=23 GL=[0,0,0,0,0,0,0,0,0] VTK=[0,0,0,0,0,0,0,0,0]
i=24 GL=[0,0,0,0,0,0,0,0,0] VTK=[0,0,0,0,0,0,0,0,0]
i=25 GL=[0,0,0,0,0,0,0,0,0] VTK=[0,0,0,0,0,0,0,0,0]
i=26 GL=[0,0,0,0,0,0,0,0,0] VTK=[0,0,0,0,0,0,0,0,0]
i=27 GL=[0,0,0,0,0,0,0,0,0] VTK=[0,0,0,0,0,0,0,0,0]
i=28 GL=[0,0,0,0,0,0,0,0,0] VTK=[0,0,0,0,0,0,0,0,0]
i=29 GL=[0,0,0,0,0,0,0,0,0] VTK=[0,0,0,0,0,0,0,0,0]
i=30 GL=[0,0,0,0,0,0,0,0,0] VTK=[0,0,0,0,0,0,0,0,0]
i=31 GL=[0,0,0,0,0,0,0,0,0] VTK=[0,0,0,0,0,0,0,0,0]
i=32 GL=[-1.46009e+06,-1.76834e+06,1.2228e+06,492462,596431,-412428,-39419.1,-47741.3,33012.8] VTK=[-961503,-1.06745e+06,2.1349e+06,324298,360032,-720065,-25958.4,-28818.8,57637.6]
i=33 GL=[0,0,0,0,0,0,0,0,0] VTK=[0,0,0,0,0,0,0,0,0]
i=34 GL=[0,0,0,0,0,0,0,0,0] VTK=[0,0,0,0,0,0,0,0,0]
i=35 GL=[0,0,0,0,0,0,0,0,0] VTK=[0,0,0,0,0,0,0,0,0]
i=36 GL=[0,0,0,0,0,0,0,0,0] VTK=[0,0,0,0,0,0,0,0,0]
i=37 GL=[0,0,0,0,0,0,0,0,0] VTK=[0,0,0,0,0,0,0,0,0]
i=38 GL=[0,0,0,0,0,0,0,0,0] VTK=[0,0,0,0,0,0,0,0,0]
i=39 GL=[-1.47504e+06,1.63912e+06,1.12338e+06,-504989,561163,384598,-39742.2,44163.1,30267.6] VTK=[-950041,1.05473e+06,2.10945e+06,-325253,361093,722185,-25597.2,28417.7,56835.4]
i=40 GL=[-9.17004e+06,-3399.89,5.01063e+06,-87792.6,-32.5511,47971,2.73576e+06,1014.35,-1.49485e+06] VTK=[-2.18549e+06,6212.89,-2.02275e+06,-20923.6,59.4813,-19365.5,652012,-1853.53,603460]
i=41 GL=[0,0,0,0,0,0,0,0,0] VTK=[0,0,0,0,0,0,0,0,0]
i=42 GL=[0,0,0,0,0,0,0,0,0] VTK=[0,0,0,0,0,0,0,0,0]
i=43 GL=[0,0,0,0,0,0,0,0,0] VTK=[0,0,0,0,0,0,0,0,0]
i=44 GL=[0,0,0,0,0,0,0,0,0] VTK=[0,0,0,0,0,0,0,0,0]
i=45 GL=[0,0,0,0,0,0,0,0,0] VTK=[0,0,0,0,0,0,0,0,0]
i=46 GL=[0,0,0,0,0,0,0,0,0] VTK=[0,0,0,0,0,0,0,0,0]
i=47 GL=[0,0,0,0,0,0,0,0,0] VTK=[0,0,0,0,0,0,0,0,0]
i=48 GL=[0,0,0,0,0,0,0,0,0] VTK=[0,0,0,0,0,0,0,0,0]
i=49 GL=[0,0,0,0,0,0,0,0,0] VTK=[0,0,0,0,0,0,0,0,0]
i=50 GL=[0,0,0,0,0,0,0,0,0] VTK=[0,0,0,0,0,0,0,0,0]
i=51 GL=[0,0,0,0,0,0,0,0,0] VTK=[0,0,0,0,0,0,0,0,0]
i=52 GL=[0,0,0,0,0,0,0,0,0] VTK=[0,0,0,0,0,0,0,0,0]
i=53 GL=[0,0,0,0,0,0,0,0,0] VTK=[0,0,0,0,0,0,0,0,0]
i=54 GL=[0,0,0,0,0,0,0,0,0] VTK=[0,0,0,0,0,0,0,0,0]
i=55 GL=[0,0,0,0,0,0,0,0,0] VTK=[0,0,0,0,0,0,0,0,0]
i=56 GL=[0,0,0,0,0,0,0,0,0] VTK=[0,0,0,0,0,0,0,0,0]
i=57 GL=[0,0,0,0,0,0,0,0,0] VTK=[0,0,0,0,0,0,0,0,0]
i=58 GL=[0,0,0,0,0,0,0,0,0] VTK=[0,0,0,0,0,0,0,0,0]
i=59 GL=[0,0,0,0,0,0,0,0,0] VTK=[0,0,0,0,0,0,0,0,0]
i=60 GL=[0,0,0,0,0,0,0,0,0] VTK=[0,0,0,0,0,0,0,0,0]
i=61 GL=[0,0,0,0,0,0,0,0,0] VTK=[0,0,0,0,0,0,0,0,0]
i=62 GL=[0,0,0,0,0,0,0,0,0] VTK=[0,0,0,0,0,0,0,0,0]
i=63 GL=[0,0,0,0,0,0,0,0,0] VTK=[0,0,0,0,0,0,0,0,0]
i=64 GL=[0,0,0,0,0,0,0,0,0] VTK=[0,0,0,0,0,0,0,0,0]
i=65 GL=[0,0,0,0,0,0,0,0,0] VTK=[0,0,0,0,0,0,0,0,0]
i=66 GL=[0,0,0,0,0,0,0,0,0] VTK=[0,0,0,0,0,0,0,0,0]
i=67 GL=[0,0,0,0,0,0,0,0,0] VTK=[0,0,0,0,0,0,0,0,0]
i=68 GL=[0,0,0,0,0,0,0,0,0] VTK=[0,0,0,0,0,0,0,0,0]
i=69 GL=[0,0,0,0,0,0,0,0,0] VTK=[0,0,0,0,0,0,0,0,0]
i=70 GL=[0,0,0,0,0,0,0,0,0] VTK=[0,0,0,0,0,0,0,0,0]
i=71 GL=[0,0,0,0,0,0,0,0,0] VTK=[0,0,0,0,0,0,0,0,0]
i=72 GL=[0,0,0,0,0,0,0,0,0] VTK=[0,0,0,0,0,0,0,0,0]
i=73 GL=[0,0,0,0,0,0,0,0,0] VTK=[0,0,0,0,0,0,0,0,0]
i=74 GL=[0,0,0,0,0,0,0,0,0] VTK=[0,0,0,0,0,0,0,0,0]
i=75 GL=[0,0,0,0,0,0,0,0,0] VTK=[0,0,0,0,0,0,0,0,0]
i=76 GL=[0,0,0,0,0,0,0,0,0] VTK=[0,0,0,0,0,0,0,0,0]
i=77 GL=[0,0,0,0,0,0,0,0,0] VTK=[0,0,0,0,0,0,0,0,0]
i=78 GL=[0,0,0,0,0,0,0,0,0] VTK=[0,0,0,0,0,0,0,0,0]
i=79 GL=[0,0,0,0,0,0,0,0,0] VTK=[0,0,0,0,0,0,0,0,0]
i=80 GL=[0,0,0,0,0,0,0,0,0] VTK=[0,0,0,0,0,0,0,0,0]
i=81 GL=[0,0,0,0,0,0,0,0,0] VTK=[0,0,0,0,0,0,0,0,0]
i=82 GL=[0,0,0,0,0,0,0,0,0] VTK=[0,0,0,0,0,0,0,0,0]
i=83 GL=[0,0,0,0,0,0,0,0,0] VTK=[0,0,0,0,0,0,0,0,0]
i=84 GL=[0,0,0,0,0,0,0,0,0] VTK=[0,0,0,0,0,0,0,0,0]
i=85 GL=[0,0,0,0,0,0,0,0,0] VTK=[0,0,0,0,0,0,0,0,0]
i=86 GL=[0,0,0,0,0,0,0,0,0] VTK=[0,0,0,0,0,0,0,0,0]
i=87 GL=[0,0,0,0,0,0,0,0,0] VTK=[0,0,0,0,0,0,0,0,0]
i=88 GL=[0,0,0,0,0,0,0,0,0] VTK=[0,0,0,0,0,0,0,0,0]
i=89 GL=[0,0,0,0,0,0,0,0,0] VTK=[0,0,0,0,0,0,0,0,0]
i=90 GL=[0,0,0,0,0,0,0,0,0] VTK=[0,0,0,0,0,0,0,0,0]
i=91 GL=[0,0,0,0,0,0,0,0,0] VTK=[0,0,0,0,0,0,0,0,0]
i=92 GL=[0,0,0,0,0,0,0,0,0] VTK=[0,0,0,0,0,0,0,0,0]
i=93 GL=[0,0,0,0,0,0,0,0,0] VTK=[0,0,0,0,0,0,0,0,0]
i=94 GL=[0,0,0,0,0,0,0,0,0] VTK=[0,0,0,0,0,0,0,0,0]
i=95 GL=[0,0,0,0,0,0,0,0,0] VTK=[0,0,0,0,0,0,0,0,0]
i=96 GL=[0,0,0,0,0,0,0,0,0] VTK=[0,0,0,0,0,0,0,0,0]
i=97 GL=[0,0,0,0,0,0,0,0,0] VTK=[0,0,0,0,0,0,0,0,0]
i=98 GL=[0,0,0,0,0,0,0,0,0] VTK=[0,0,0,0,0,0,0,0,0]
i=99 GL=[0,0,0,0,0,0,0,0,0] VTK=[0,0,0,0,0,0,0,0,0]
i=100 GL=[0,0,0,0,0,0,0,0,0] VTK=[0,0,0,0,0,0,0,0,0]
i=101 GL=[0,0,0,0,0,0,0,0,0] VTK=[0,0,0,0,0,0,0,0,0]
i=102 GL=[0,0,0,0,0,0,0,0,0] VTK=[0,0,0,0,0,0,0,0,0]
i=103 GL=[0,0,0,0,0,0,0,0,0] VTK=[0,0,0,0,0,0,0,0,0]
i=104 GL=[0,0,0,0,0,0,0,0,0] VTK=[0,0,0,0,0,0,0,0,0]
i=105 GL=[0,0,0,0,0,0,0,0,0] VTK=[0,0,0,0,0,0,0,0,0]
i=106 GL=[0,0,0,0,0,0,0,0,0] VTK=[0,0,0,0,0,0,0,0,0]
i=107 GL=[-552024,0,3786.25,186188,0,-1277.04,-14903.4,0,102.22] VTK=[-961503,0,4594.1,324298,0,-1549.51,-25958.4,0,124.03]
i=108 GL=[0,0,0,0,0,0,0,0,0] VTK=[0,0,0,0,0,0,0,0,0]
i=109 GL=[0,0,0,0,0,0,0,0,0] VTK=[0,0,0,0,0,0,0,0,0]
i=110 GL=[0,0,0,0,0,0,0,0,0] VTK=[0,0,0,0,0,0,0,0,0]
i=111 GL=[0,0,0,0,0,0,0,0,0] VTK=[0,0,0,0,0,0,0,0,0]
i=112 GL=[0,0,0,0,0,0,0,0,0] VTK=[0,0,0,0,0,0,0,0,0]
i=113 GL=[0,0,0,0,0,0,0,0,0] VTK=[0,0,0,0,0,0,0,0,0]
i=114 GL=[0,0,0,0,0,0,0,0,0] VTK=[0,0,0,0,0,0,0,0,0]
i=115 GL=[0,0,0,0,0,0,0,0,0] VTK=[0,0,0,0,0,0,0,0,0]
i=116 GL=[0,0,0,0,0,0,0,0,0] VTK=[0,0,0,0,0,0,0,0,0]
i=117 GL=[0,0,0,0,0,0,0,0,0] VTK=[0,0,0,0,0,0,0,0,0]
i=118 GL=[0,0,0,0,0,0,0,0,0] VTK=[0,0,0,0,0,0,0,0,0]
i=119 GL=[0,0,0,0,0,0,0,0,0] VTK=[0,0,0,0,0,0,0,0,0]
i=120 GL=[0,0,0,0,0,0,0,0,0] VTK=[0,0,0,0,0,0,0,0,0]
i=121 GL=[0,0,0,0,0,0,0,0,0] VTK=[0,0,0,0,0,0,0,0,0]
i=122 GL=[0,0,0,0,0,0,0,0,0] VTK=[0,0,0,0,0,0,0,0,0]
i=123 GL=[0,0,0,0,0,0,0,0,0] VTK=[0,0,0,0,0,0,0,0,0]
i=124 GL=[0,0,0,0,0,0,0,0,0] VTK=[0,0,0,0,0,0,0,0,0]
i=125 GL=[0,0,0,0,0,0,0,0,0] VTK=[0,0,0,0,0,0,0,0,0]
i=126 GL=[0,0,0,0,0,0,0,0,0] VTK=[0,0,0,0,0,0,0,0,0]
i=127 GL=[0,0,0,0,0,0,0,0,0] VTK=[0,0,0,0,0,0,0,0,0]
i=128 GL=[0,0,0,0,0,0,0,0,0] VTK=[0,0,0,0,0,0,0,0,0]
i=129 GL=[0,0,0,0,0,0,0,0,0] VTK=[0,0,0,0,0,0,0,0,0]
i=130 GL=[0,0,0,0,0,0,0,0,0] VTK=[0,0,0,0,0,0,0,0,0]
i=131 GL=[0,0,0,0,0,0,0,0,0] VTK=[0,0,0,0,0,0,0,0,0]
i=132 GL=[0,0,0,0,0,0,0,0,0] VTK=[0,0,0,0,0,0,0,0,0]
i=133 GL=[0,0,0,0,0,0,0,0,0] VTK=[0,0,0,0,0,0,0,0,0]
i=134 GL=[0,0,0,0,0,0,0,0,0] VTK=[0,0,0,0,0,0,0,0,0]
i=135 GL=[0,0,0,0,0,0,0,0,0] VTK=[0,0,0,0,0,0,0,0,0]
i=136 GL=[0,0,0,0,0,0,0,0,0] VTK=[0,0,0,0,0,0,0,0,0]
i=137 GL=[0,0,0,0,0,0,0,0,0] VTK=[0,0,0,0,0,0,0,0,0]
i=138 GL=[0,0,0,0,0,0,0,0,0] VTK=[0,0,0,0,0,0,0,0,0]
i=139 GL=[0,0,0,0,0,0,0,0,0] VTK=[0,0,0,0,0,0,0,0,0]
i=140 GL=[0,0,0,0,0,0,0,0,0] VTK=[0,0,0,0,0,0,0,0,0]
i=141 GL=[0,0,0,0,0,0,0,0,0] VTK=[0,0,0,0,0,0,0,0,0]
i=142 GL=[0,0,0,0,0,0,0,0,0] VTK=[0,0,0,0,0,0,0,0,0]
i=143 GL=[0,0,0,0,0,0,0,0,0] VTK=[0,0,0,0,0,0,0,0,0]
i=144 GL=[0,0,0,0,0,0,0,0,0] VTK=[0,0,0,0,0,0,0,0,0]
i=145 GL=[0,0,0,0,0,0,0,0,0] VTK=[0,0,0,0,0,0,0,0,0]
i=146 GL=[0,0,0,0,0,0,0,0,0] VTK=[0,0,0,0,0,0,0,0,0]
i=147 GL=[0,0,0,0,0,0,0,0,0] VTK=[0,0,0,0,0,0,0,0,0]
i=148 GL=[0,0,0,0,0,0,0,0,0] VTK=[0,0,0,0,0,0,0,0,0]
i=149 GL=[0,0,0,0,0,0,0,0,0] VTK=[0,0,0,0,0,0,0,0,0]
i=150 GL=[0,0,0,0,0,0,0,0,0] VTK=[0,0,0,0,0,0,0,0,0]
i=151 GL=[0,0,0,0,0,0,0,0,0] VTK=[0,0,0,0,0,0,0,0,0]
i=152 GL=[-545443,0,3741.11,-186736,0,1280.8,-14696,0,100.798] VTK=[-950041,0,4539.34,-325253,0,1554.07,-25597.2,0,122.304]
i=153 GL=[-3576.37,-31573.1,465135,1206.25,10649.1,-156882,-96.5539,-852.404,12557.6] VTK=[-4851.27,14566.1,1.06745e+06,1636.25,-4912.87,-360032,-130.973,393.251,28818.8]
i=154 GL=[0,0,0,0,0,0,0,0,0] VTK=[0,0,0,0,0,0,0,0,0]
i=155 GL=[0,0,0,0,0,0,0,0,0] VTK=[0,0,0,0,0,0,0,0,0]
i=156 GL=[0,0,0,0,0,0,0,0,0] VTK=[0,0,0,0,0,0,0,0,0]
i=157 GL=[0,0,0,0,0,0,0,0,0] VTK=[0,0,0,0,0,0,0,0,0]
i=158 GL=[-3398.08,8767.34,441946,-1163.35,3001.56,151303,-91.5551,236.22,11907.5] VTK=[-4793.43,-78327,1.05473e+06,-1641.06,-26815.8,361093,-129.151,-2110.38,28417.7]
i=159 GL=[0,0,0,0,0,0,0,0,0] VTK=[0,0,0,0,0,0,0,0,0]
i=160 GL=[0,0,0,0,0,0,0,0,0] VTK=[0,0,0,0,0,0,0,0,0]
i=161 GL=[0,0,0,0,0,0,0,0,0] VTK=[0,0,0,0,0,0,0,0,0]
i=162 GL=[0,0,0,0,0,0,0,0,0] VTK=[0,0,0,0,0,0,0,0,0]
i=163 GL=[0,0,0,0,0,0,0,0,0] VTK=[0,0,0,0,0,0,0,0,0]
i=164 GL=[0,0,0,0,0,0,0,0,0] VTK=[0,0,0,0,0,0,0,0,0]
i=165 GL=[0,0,0,0,0,0,0,0,0] VTK=[0,0,0,0,0,0,0,0,0]
i=166 GL=[0,0,0,0,0,0,0,0,0] VTK=[0,0,0,0,0,0,0,0,0]
i=167 GL=[0,0,0,0,0,0,0,0,0] VTK=[0,0,0,0,0,0,0,0,0]
i=168 GL=[3.63694e+06,3.07152e+06,-4.27107e+06,34819.5,29406.3,-40890.6,-1.08503e+06,-916347,1.27422e+06] VTK=[-405760,1.30366e+06,-98691.9,-3884.68,12481.1,-944.862,121053,-388930,29443.4]
i=169 GL=[3.59268e+06,-3.0285e+06,-4.2427e+06,34395.8,-28994.4,-40619,-1.07183e+06,903512,1.26575e+06] VTK=[-415813,-1.31082e+06,-86021.1,-3980.94,-12549.5,-823.553,124052,391064,25663.2]
i=170 GL=[0,0,0,0,0,0,0,0,0] VTK=[0,0,0,0,0,0,0,0,0]
i=171 GL=[0,0,0,0,0,0,0,0,0] VTK=[0,0,0,0,0,0,0,0,0]
i=172 GL=[0,0,0,0,0,0,0,0,0] VTK=[0,0,0,0,0,0,0,0,0]
i=173 GL=[0.825723,-691667,47208.8,-0.278502,233287,-15922.7,0.0222926,-18673.4,1274.53] VTK=[0,-1.06745e+06,178360,0,360032,-60157.5,0,-28818.8,4815.3]
i=174 GL=[0,0,0,0,0,0,0,0,0] VTK=[0,0,0,0,0,0,0,0,0]
i=175 GL=[0,0,0,0,0,0,0,0,0] VTK=[0,0,0,0,0,0,0,0,0]
i=176 GL=[0.0952049,652231,-3447.28,0.0325941,223296,-1180.2,0.00256513,17573.2,-92.8808] VTK=[1.48716e-05,1.05473e+06,44001.9,5.09141e-06,361093,15064.3,4.0069e-07,28417.7,1185.55]
i=177 GL=[-291782,0,311439,98412.9,0,-105043,-7877.45,0,8408.16] VTK=[0,0,0,0,0,0,0,0,0]
i=178 GL=[0,0,0,0,0,0,0,0,0] VTK=[0,0,0,0,0,0,0,0,0]
i=179 GL=[0,0,0,0,0,0,0,0,0] VTK=[0,0,0,0,0,0,0,0,0]
i=180 GL=[0,0,0,0,0,0,0,0,0] VTK=[0,0,0,0,0,0,0,0,0]
i=181 GL=[0,0,0,0,0,0,0,0,0] VTK=[0,0,0,0,0,0,0,0,0]
i=182 GL=[0,0,0,0,0,0,0,0,0] VTK=[0,0,0,0,0,0,0,0,0]
i=183 GL=[0,0,0,0,0,0,0,0,0] VTK=[0,0,0,0,0,0,0,0,0]
i=184 GL=[0,0,0,0,0,0,0,0,0] VTK=[0,0,0,0,0,0,0,0,0]
i=185 GL=[0,0,0,0,0,0,0,0,0] VTK=[0,0,0,0,0,0,0,0,0]
i=186 GL=[0,0,0,0,0,0,0,0,0] VTK=[0,0,0,0,0,0,0,0,0]
i=187 GL=[0,0,0,0,0,0,0,0,0] VTK=[0,0,0,0,0,0,0,0,0]
i=188 GL=[0,0,0,0,0,0,0,0,0] VTK=[0,0,0,0,0,0,0,0,0]
i=189 GL=[0,0,0,0,0,0,0,0,0] VTK=[0,0,0,0,0,0,0,0,0]
i=190 GL=[0,0,0,0,0,0,0,0,0] VTK=[0,0,0,0,0,0,0,0,0]
i=191 GL=[0,0,0,0,0,0,0,0,0] VTK=[0,0,0,0,0,0,0,0,0]
i=192 GL=[0,0,0,0,0,0,0,0,0] VTK=[0,0,0,0,0,0,0,0,0]
i=193 GL=[0,0,0,0,0,0,0,0,0] VTK=[0,0,0,0,0,0,0,0,0]
i=194 GL=[0,0,0,0,0,0,0,0,0] VTK=[0,0,0,0,0,0,0,0,0]
i=195 GL=[0,0,0,0,0,0,0,0,0] VTK=[0,0,0,0,0,0,0,0,0]
i=196 GL=[0,0,0,0,0,0,0,0,0] VTK=[0,0,0,0,0,0,0,0,0]
i=197 GL=[0,0,0,0,0,0,0,0,0] VTK=[0,0,0,0,0,0,0,0,0]
i=198 GL=[0,0,0,0,0,0,0,0,0] VTK=[0,0,0,0,0,0,0,0,0]
i=199 GL=[0,0,0,0,0,0,0,0,0] VTK=[0,0,0,0,0,0,0,0,0]
i=200 GL=[0,0,0,0,0,0,0,0,0] VTK=[0,0,0,0,0,0,0,0,0]
i=201 GL=[0,0,0,0,0,0,0,0,0] VTK=[0,0,0,0,0,0,0,0,0]
i=202 GL=[0,0,0,0,0,0,0,0,0] VTK=[0,0,0,0,0,0,0,0,0]
i=203 GL=[0,0,0,0,0,0,0,0,0] VTK=[0,0,0,0,0,0,0,0,0]
i=204 GL=[0,0,0,0,0,0,0,0,0] VTK=[0,0,0,0,0,0,0,0,0]
i=205 GL=[0,0,0,0,0,0,0,0,0] VTK=[0,0,0,0,0,0,0,0,0]
i=206 GL=[0,0,0,0,0,0,0,0,0] VTK=[0,0,0,0,0,0,0,0,0]
i=207 GL=[0,0,0,0,0,0,0,0,0] VTK=[0,0,0,0,0,0,0,0,0]
i=208 GL=[0,0,0,0,0,0,0,0,0] VTK=[0,0,0,0,0,0,0,0,0]
i=209 GL=[0,0,0,0,0,0,0,0,0] VTK=[0,0,0,0,0,0,0,0,0]
i=210 GL=[0,0,0,0,0,0,0,0,0] VTK=[0,0,0,0,0,0,0,0,0]
i=211 GL=[0,0,0,0,0,0,0,0,0] VTK=[0,0,0,0,0,0,0,0,0]
i=212 GL=[0,0,0,0,0,0,0,0,0] VTK=[0,0,0,0,0,0,0,0,0]
i=213 GL=[0,0,0,0,0,0,0,0,0] VTK=[0,0,0,0,0,0,0,0,0]
i=214 GL=[0,0,0,0,0,0,0,0,0] VTK=[0,0,0,0,0,0,0,0,0]
i=215 GL=[0,0,0,0,0,0,0,0,0] VTK=[0,0,0,0,0,0,0,0,0]
i=216 GL=[0,0,0,0,0,0,0,0,0] VTK=[0,0,0,0,0,0,0,0,0]
i=217 GL=[0,0,0,0,0,0,0,0,0] VTK=[0,0,0,0,0,0,0,0,0]
i=218 GL=[0,0,0,0,0,0,0,0,0] VTK=[0,0,0,0,0,0,0,0,0]
i=219 GL=[0,0,0,0,0,0,0,0,0] VTK=[0,0,0,0,0,0,0,0,0]
i=220 GL=[0,0,0,0,0,0,0,0,0] VTK=[0,0,0,0,0,0,0,0,0]
i=221 GL=[0,0,0,0,0,0,0,0,0] VTK=[0,0,0,0,0,0,0,0,0]
i=222 GL=[0,0,0,0,0,0,0,0,0] VTK=[0,0,0,0,0,0,0,0,0]
i=223 GL=[0,0,0,0,0,0,0,0,0] VTK=[0,0,0,0,0,0,0,0,0]
i=224 GL=[0,0,0,0,0,0,0,0,0] VTK=[0,0,0,0,0,0,0,0,0]
i=225 GL=[0,0,0,0,0,0,0,0,0] VTK=[0,0,0,0,0,0,0,0,0]
i=226 GL=[0,0,0,0,0,0,0,0,0] VTK=[0,0,0,0,0,0,0,0,0]
i=227 GL=[0,0,0,0,0,0,0,0,0] VTK=[0,0,0,0,0,0,0,0,0]
i=228 GL=[0,0,0,0,0,0,0,0,0] VTK=[0,0,0,0,0,0,0,0,0]
i=229 GL=[0,0,0,0,0,0,0,0,0] VTK=[0,0,0,0,0,0,0,0,0]
i=230 GL=[0,0,0,0,0,0,0,0,0] VTK=[0,0,0,0,0,0,0,0,0]
i=231 GL=[0,0,0,0,0,0,0,0,0] VTK=[0,0,0,0,0,0,0,0,0]
i=232 GL=[0,0,0,0,0,0,0,0,0] VTK=[0,0,0,0,0,0,0,0,0]
i=233 GL=[0,0,0,0,0,0,0,0,0] VTK=[0,0,0,0,0,0,0,0,0]
i=234 GL=[0,0,0,0,0,0,0,0,0] VTK=[0,0,0,0,0,0,0,0,0]
i=235 GL=[0,0,0,0,0,0,0,0,0] VTK=[0,0,0,0,0,0,0,0,0]
i=236 GL=[0,0,0,0,0,0,0,0,0] VTK=[0,0,0,0,0,0,0,0,0]
i=237 GL=[0,0,0,0,0,0,0,0,0] VTK=[0,0,0,0,0,0,0,0,0]
i=238 GL=[0,0,0,0,0,0,0,0,0] VTK=[0,0,0,0,0,0,0,0,0]
i=239 GL=[0,0,0,0,0,0,0,0,0] VTK=[0,0,0,0,0,0,0,0,0]
i=240 GL=[0,0,0,0,0,0,0,0,0] VTK=[0,0,0,0,0,0,0,0,0]
i=241 GL=[0,0,0,0,0,0,0,0,0] VTK=[0,0,0,0,0,0,0,0,0]
i=242 GL=[0,0,0,0,0,0,0,0,0] VTK=[0,0,0,0,0,0,0,0,0]
i=243 GL=[0,0,0,0,0,0,0,0,0] VTK=[0,0,0,0,0,0,0,0,0]
i=244 GL=[0,0,0,0,0,0,0,0,0] VTK=[0,0,0,0,0,0,0,0,0]
i=245 GL=[0,0,0,0,0,0,0,0,0] VTK=[0,0,0,0,0,0,0,0,0]
i=246 GL=[0,0,0,0,0,0,0,0,0] VTK=[0,0,0,0,0,0,0,0,0]
i=247 GL=[0,0,0,0,0,0,0,0,0] VTK=[0,0,0,0,0,0,0,0,0]
i=248 GL=[0,0,0,0,0,0,0,0,0] VTK=[0,0,0,0,0,0,0,0,0]
i=249 GL=[0,0,0,0,0,0,0,0,0] VTK=[0,0,0,0,0,0,0,0,0]
i=250 GL=[0,0,0,0,0,0,0,0,0] VTK=[0,0,0,0,0,0,0,0,0]
i=251 GL=[0,0,0,0,0,0,0,0,0] VTK=[0,0,0,0,0,0,0,0,0]
i=252 GL=[0,0,0,0,0,0,0,0,0] VTK=[0,0,0,0,0,0,0,0,0]
i=253 GL=[0,0,0,0,0,0,0,0,0] VTK=[0,0,0,0,0,0,0,0,0]
i=254 GL=[0,0,0,0,0,0,0,0,0] VTK=[0,0,0,0,0,0,0,0,0]
i=255 GL=[0,0,0,0,0,0,0,0,0] VTK=[0,0,0,0,0,0,0,0,0]
i=256 GL=[0,0,0,0,0,0,0,0,0] VTK=[0,0,0,0,0,0,0,0,0]
i=257 GL=[0,0,0,0,0,0,0,0,0] VTK=[0,0,0,0,0,0,0,0,0]
i=258 GL=[0,0,0,0,0,0,0,0,0] VTK=[0,0,0,0,0,0,0,0,0]
i=259 GL=[0,0,0,0,0,0,0,0,0] VTK=[0,0,0,0,0,0,0,0,0]
i=260 GL=[0,0,0,0,0,0,0,0,0] VTK=[0,0,0,0,0,0,0,0,0]
i=261 GL=[0,0,0,0,0,0,0,0,0] VTK=[0,0,0,0,0,0,0,0,0]
i=262 GL=[0,0,0,0,0,0,0,0,0] VTK=[0,0,0,0,0,0,0,0,0]
i=263 GL=[0,0,0,0,0,0,0,0,0] VTK=[0,0,0,0,0,0,0,0,0]
i=264 GL=[0,0,0,0,0,0,0,0,0] VTK=[0,0,0,0,0,0,0,0,0]
i=265 GL=[0,0,0,0,0,0,0,0,0] VTK=[0,0,0,0,0,0,0,0,0]
i=266 GL=[0,0,0,0,0,0,0,0,0] VTK=[0,0,0,0,0,0,0,0,0]
i=267 GL=[0,0,0,0,0,0,0,0,0] VTK=[0,0,0,0,0,0,0,0,0]
i=268 GL=[0,0,0,0,0,0,0,0,0] VTK=[0,0,0,0,0,0,0,0,0]
i=269 GL=[0,0,0,0,0,0,0,0,0] VTK=[0,0,0,0,0,0,0,0,0]
i=270 GL=[0,0,0,0,0,0,0,0,0] VTK=[0,0,0,0,0,0,0,0,0]
i=271 GL=[0,0,0,0,0,0,0,0,0] VTK=[0,0,0,0,0,0,0,0,0]
i=272 GL=[0,0,0,0,0,0,0,0,0] VTK=[0,0,0,0,0,0,0,0,0]
i=273 GL=[0,0,0,0,0,0,0,0,0] VTK=[0,0,0,0,0,0,0,0,0]
i=274 GL=[0,0,0,0,0,0,0,0,0] VTK=[0,0,0,0,0,0,0,0,0]
i=275 GL=[0,0,0,0,0,0,0,0,0] VTK=[0,0,0,0,0,0,0,0,0]
i=276 GL=[0,0,0,0,0,0,0,0,0] VTK=[0,0,0,0,0,0,0,0,0]
i=277 GL=[0,0,0,0,0,0,0,0,0] VTK=[0,0,0,0,0,0,0,0,0]
i=278 GL=[0,0,0,0,0,0,0,0,0] VTK=[0,0,0,0,0,0,0,0,0]
i=279 GL=[0,0,0,0,0,0,0,0,0] VTK=[0,0,0,0,0,0,0,0,0]
i=280 GL=[0,0,0,0,0,0,0,0,0] VTK=[0,0,0,0,0,0,0,0,0]
i=281 GL=[0,0,0,0,0,0,0,0,0] VTK=[0,0,0,0,0,0,0,0,0]
i=282 GL=[0,0,0,0,0,0,0,0,0] VTK=[0,0,0,0,0,0,0,0,0]
i=283 GL=[0,0,0,0,0,0,0,0,0] VTK=[0,0,0,0,0,0,0,0,0]
i=284 GL=[0,0,0,0,0,0,0,0,0] VTK=[0,0,0,0,0,0,0,0,0]
i=285 GL=[0,0,0,0,0,0,0,0,0] VTK=[0,0,0,0,0,0,0,0,0]
i=286 GL=[0,0,0,0,0,0,0,0,0] VTK=[0,0,0,0,0,0,0,0,0]
i=287 GL=[0,0,0,0,0,0,0,0,0] VTK=[0,0,0,0,0,0,0,0,0]
i=288 GL=[0,0,0,0,0,0,0,0,0] VTK=[0,0,0,0,0,0,0,0,0]
i=289 GL=[0,0,0,0,0,0,0,0,0] VTK=[0,0,0,0,0,0,0,0,0]
i=290 GL=[0,0,0,0,0,0,0,0,0] VTK=[0,0,0,0,0,0,0,0,0]
i=291 GL=[0,0,0,0,0,0,0,0,0] VTK=[0,0,0,0,0,0,0,0,0]
i=292 GL=[0,0,0,0,0,0,0,0,0] VTK=[0,0,0,0,0,0,0,0,0]
i=293 GL=[0,0,0,0,0,0,0,0,0] VTK=[0,0,0,0,0,0,0,0,0]
i=294 GL=[0,0,0,0,0,0,0,0,0] VTK=[0,0,0,0,0,0,0,0,0]
i=295 GL=[0,0,0,0,0,0,0,0,0] VTK=[0,0,0,0,0,0,0,0,0]
i=296 GL=[0,0,0,0,0,0,0,0,0] VTK=[0,0,0,0,0,0,0,0,0]
i=297 GL=[0,0,0,0,0,0,0,0,0] VTK=[0,0,0,0,0,0,0,0,0]
i=298 GL=[0,0,0,0,0,0,0,0,0] VTK=[0,0,0,0,0,0,0,0,0]
i=299 GL=[0,0,0,0,0,0,0,0,0] VTK=[0,0,0,0,0,0,0,0,0]
i=300 GL=[0,0,0,0,0,0,0,0,0] VTK=[0,0,0,0,0,0,0,0,0]
i=301 GL=[0,0,0,0,0,0,0,0,0] VTK=[0,0,0,0,0,0,0,0,0]
i=302 GL=[0,0,0,0,0,0,0,0,0] VTK=[0,0,0,0,0,0,0,0,0]
i=303 GL=[0,0,0,0,0,0,0,0,0] VTK=[0,0,0,0,0,0,0,0,0]
i=304 GL=[0,0,0,0,0,0,0,0,0] VTK=[0,0,0,0,0,0,0,0,0]
i=305 GL=[0,0,0,0,0,0,0,0,0] VTK=[0,0,0,0,0,0,0,0,0]
i=306 GL=[0,0,0,0,0,0,0,0,0] VTK=[0,0,0,0,0,0,0,0,0]
i=307 GL=[0,0,0,0,0,0,0,0,0] VTK=[0,0,0,0,0,0,0,0,0]
i=308 GL=[0,0,0,0,0,0,0,0,0] VTK=[0,0,0,0,0,0,0,0,0]
i=309 GL=[0,0,0,0,0,0,0,0,0] VTK=[0,0,0,0,0,0,0,0,0]
i=310 GL=[0,0,0,0,0,0,0,0,0] VTK=[0,0,0,0,0,0,0,0,0]
i=311 GL=[0,0,0,0,0,0,0,0,0] VTK=[0,0,0,0,0,0,0,0,0]
i=312 GL=[0,0,0,0,0,0,0,0,0] VTK=[0,0,0,0,0,0,0,0,0]
i=313 GL=[0,0,0,0,0,0,0,0,0] VTK=[0,0,0,0,0,0,0,0,0]
i=314 GL=[0,0,0,0,0,0,0,0,0] VTK=[0,0,0,0,0,0,0,0,0]
i=315 GL=[0,0,0,0,0,0,0,0,0] VTK=[0,0,0,0,0,0,0,0,0]
i=316 GL=[0,0,0,0,0,0,0,0,0] VTK=[0,0,0,0,0,0,0,0,0]
i=317 GL=[0,0,0,0,0,0,0,0,0] VTK=[0,0,0,0,0,0,0,0,0]
i=318 GL=[0,0,0,0,0,0,0,0,0] VTK=[0,0,0,0,0,0,0,0,0]
i=319 GL=[0,0,0,0,0,0,0,0,0] VTK=[0,0,0,0,0,0,0,0,0]
i=320 GL=[0,0,0,0,0,0,0,0,0] VTK=[0,0,0,0,0,0,0,0,0]
i=321 GL=[0,0,0,0,0,0,0,0,0] VTK=[0,0,0,0,0,0,0,0,0]
i=322 GL=[0,0,0,0,0,0,0,0,0] VTK=[0,0,0,0,0,0,0,0,0]
i=323 GL=[0,0,0,0,0,0,0,0,0] VTK=[0,0,0,0,0,0,0,0,0]
i=324 GL=[0,0,0,0,0,0,0,0,0] VTK=[0,0,0,0,0,0,0,0,0]
i=325 GL=[0,0,0,0,0,0,0,0,0] VTK=[0,0,0,0,0,0,0,0,0]
i=326 GL=[0,0,0,0,0,0,0,0,0] VTK=[0,0,0,0,0,0,0,0,0]
i=327 GL=[0,0,0,0,0,0,0,0,0] VTK=[0,0,0,0,0,0,0,0,0]
i=328 GL=[0,0,0,0,0,0,0,0,0] VTK=[0,0,0,0,0,0,0,0,0]
i=329 GL=[0,0,0,0,0,0,0,0,0] VTK=[0,0,0,0,0,0,0,0,0]
i=330 GL=[0,0,0,0,0,0,0,0,0] VTK=[0,0,0,0,0,0,0,0,0]
i=331 GL=[0,0,0,0,0,0,0,0,0] VTK=[0,0,0,0,0,0,0,0,0]
i=332 GL=[0,0,0,0,0,0,0,0,0] VTK=[0,0,0,0,0,0,0,0,0]
i=333 GL=[0,0,0,0,0,0,0,0,0] VTK=[0,0,0,0,0,0,0,0,0]
i=334 GL=[0,0,0,0,0,0,0,0,0] VTK=[0,0,0,0,0,0,0,0,0]
i=335 GL=[0,0,0,0,0,0,0,0,0] VTK=[0,0,0,0,0,0,0,0,0]
i=336 GL=[0,0,0,0,0,0,0,0,0] VTK=[0,0,0,0,0,0,0,0,0]
i=337 GL=[0,0,0,0,0,0,0,0,0] VTK=[0,0,0,0,0,0,0,0,0]
i=338 GL=[0,0,0,0,0,0,0,0,0] VTK=[0,0,0,0,0,0,0,0,0]
i=339 GL=[-288303,0,307727,-98702.7,0,105352,-7767.83,0,8291.15] VTK=[6.08479e-11,0,5.88526e-11,2.08317e-11,0,2.01486e-11,1.63944e-12,0,1.58568e-12]
i=340 GL=[0,0,0,0,0,0,0,0,0] VTK=[0,0,0,0,0,0,0,0,0]
i=341 GL=[0,0,0,0,0,0,0,0,0] VTK=[0,0,0,0,0,0,0,0,0]
i=342 GL=[0,0,0,0,0,0,0,0,0] VTK=[0,0,0,0,0,0,0,0,0]
i=343 GL=[0,0,0,0,0,0,0,0,0] VTK=[0,0,0,0,0,0,0,0,0]
i=344 GL=[0,0,0,0,0,0,0,0,0] VTK=[0,0,0,0,0,0,0,0,0]
i=345 GL=[0,0,0,0,0,0,0,0,0] VTK=[0,0,0,0,0,0,0,0,0]
i=346 GL=[0,0,0,0,0,0,0,0,0] VTK=[0,0,0,0,0,0,0,0,0]
i=347 GL=[0,0,0,0,0,0,0,0,0] VTK=[0,0,0,0,0,0,0,0,0]
i=348 GL=[0,0,0,0,0,0,0,0,0] VTK=[0,0,0,0,0,0,0,0,0]
i=349 GL=[0,0,0,0,0,0,0,0,0] VTK=[0,0,0,0,0,0,0,0,0]
i=350 GL=[0,0,0,0,0,0,0,0,0] VTK=[0,0,0,0,0,0,0,0,0]
i=351 GL=[0,0,0,0,0,0,0,0,0] VTK=[0,0,0,0,0,0,0,0,0]
i=352 GL=[0,0,0,0,0,0,0,0,0] VTK=[0,0,0,0,0,0,0,0,0]
i=353 GL=[0,0,0,0,0,0,0,0,0] VTK=[0,0,0,0,0,0,0,0,0]
i=354 GL=[0,0,0,0,0,0,0,0,0] VTK=[0,0,0,0,0,0,0,0,0]
i=355 GL=[0,0,0,0,0,0,0,0,0] VTK=[0,0,0,0,0,0,0,0,0]
i=356 GL=[0,0,0,0,0,0,0,0,0] VTK=[0,0,0,0,0,0,0,0,0]
i=357 GL=[0,0,0,0,0,0,0,0,0] VTK=[0,0,0,0,0,0,0,0,0]
i=358 GL=[0,0,0,0,0,0,0,0,0] VTK=[0,0,0,0,0,0,0,0,0]
i=359 GL=[0,0,0,0,0,0,0,0,0] VTK=[0,0,0,0,0,0,0,0,0]
i=360 GL=[0,0,0,0,0,0,0,0,0] VTK=[0,0,0,0,0,0,0,0,0]
i=361 GL=[0,0,0,0,0,0,0,0,0] VTK=[0,0,0,0,0,0,0,0,0]
i=362 GL=[0,0,0,0,0,0,0,0,0] VTK=[0,0,0,0,0,0,0,0,0]
i=363 GL=[0,0,0,0,0,0,0,0,0] VTK=[0,0,0,0,0,0,0,0,0]
i=364 GL=[0,0,0,0,0,0,0,0,0] VTK=[0,0,0,0,0,0,0,0,0]
i=365 GL=[0,0,0,0,0,0,0,0,0] VTK=[0,0,0,0,0,0,0,0,0]
i=366 GL=[0,0,0,0,0,0,0,0,0] VTK=[0,0,0,0,0,0,0,0,0]
i=367 GL=[0,0,0,0,0,0,0,0,0] VTK=[0,0,0,0,0,0,0,0,0]
i=368 GL=[0,0,0,0,0,0,0,0,0] VTK=[0,0,0,0,0,0,0,0,0]
i=369 GL=[0.057456,349228,361693,0.0196705,119561,123828,0.00154805,9409.34,9745.17] VTK=[6.98729e-16,4.95553e-05,-1.13773e-05,2.39215e-16,1.69656e-05,-3.8951e-06,1.8826e-17,1.33518e-06,-3.06542e-07]
i=370 GL=[0.207003,-445229,467601,-0.0698185,150168,-157714,0.00558862,-12020.2,12624.2] VTK=[0,-8.45533e-06,-4.31453e-05,0,2.85184e-06,1.45522e-05,0,-2.28275e-07,-1.16483e-06]
i=371 GL=[0,0,0,0,0,0,0,0,0] VTK=[0,0,0,0,0,0,0,0,0]
i=372 GL=[0,0,0,0,0,0,0,0,0] VTK=[0,0,0,0,0,0,0,0,0]
i=373 GL=[0,0,0,0,0,0,0,0,0] VTK=[0,0,0,0,0,0,0,0,0]
i=374 GL=[0,0,0,0,0,0,0,0,0] VTK=[0,0,0,0,0,0,0,0,0]
i=375 GL=[0,0,0,0,0,0,0,0,0] VTK=[0,0,0,0,0,0,0,0,0]
i=376 GL=[0,0,0,0,0,0,0,0,0] VTK=[0,0,0,0,0,0,0,0,0]
i=377 GL=[1.10711e+06,1.20324e+06,-1.85377e+06,10599.3,11519.7,-17747.7,-330291,-358971,553048] VTK=[5182.05,-7379.57,4216.88,49.6121,-70.6509,40.3718,-1545.99,2201.6,-1258.05]
i=378 GL=[0,0,0,0,0,0,0,0,0] VTK=[0,0,0,0,0,0,0,0,0]
i=379 GL=[165508,10950.3,-1.08352e+06,1584.55,104.837,-10373.5,-49377.2,-3266.88,323255] VTK=[-875108,-66490.9,-1.18445e+06,-8378.16,-636.573,-11339.7,261077,19836.6,353364]
i=380 GL=[0,0,0,0,0,0,0,0,0] VTK=[0,0,0,0,0,0,0,0,0]
i=381 GL=[0,0,0,0,0,0,0,0,0] VTK=[0,0,0,0,0,0,0,0,0]
i=382 GL=[0,0,0,0,0,0,0,0,0] VTK=[0,0,0,0,0,0,0,0,0]
i=383 GL=[0,0,0,0,0,0,0,0,0] VTK=[0,0,0,0,0,0,0,0,0]
i=384 GL=[0,0,0,0,0,0,0,0,0] VTK=[0,0,0,0,0,0,0,0,0]
i=385 GL=[0,0,0,0,0,0,0,0,0] VTK=[0,0,0,0,0,0,0,0,0]
i=386 GL=[0,0,0,0,0,0,0,0,0] VTK=[0,0,0,0,0,0,0,0,0]
i=387 GL=[1.34023e+06,-1.39627e+06,-2.05496e+06,12831.2,-13367.7,-19673.8,-399840,416558,613069] VTK=[0,0,0,0,0,0,0,0,0]
i=388 GL=[0,0,0,0,0,0,0,0,0] VTK=[0,0,0,0,0,0,0,0,0]
i=389 GL=[0,0,0,0,0,0,0,0,0] VTK=[0,0,0,0,0,0,0,0,0]
i=390 GL=[0,0,0,0,0,0,0,0,0] VTK=[0,0,0,0,0,0,0,0,0]
i=391 GL=[0,0,0,0,0,0,0,0,0] VTK=[0,0,0,0,0,0,0,0,0]
i=392 GL=[0,0,0,0,0,0,0,0,0] VTK=[0,0,0,0,0,0,0,0,0]
i=393 GL=[0,0,0,0,0,0,0,0,0] VTK=[0,0,0,0,0,0,0,0,0]
i=394 GL=[0,0,0,0,0,0,0,0,0] VTK=[0,0,0,0,0,0,0,0,0]
i=395 GL=[0,0,0,0,0,0,0,0,0] VTK=[0,0,0,0,0,0,0,0,0]
i=396 GL=[0,0,0,0,0,0,0,0,0] VTK=[0,0,0,0,0,0,0,0,0]
i=397 GL=[0,0,0,0,0,0,0,0,0] VTK=[0,0,0,0,0,0,0,0,0]
i=398 GL=[0,0,0,0,0,0,0,0,0] VTK=[0,0,0,0,0,0,0,0,0]
i=399 GL=[0,0,0,0,0,0,0,0,0] VTK=[0,0,0,0,0,0,0,0,0]
i=400 GL=[0,0,0,0,0,0,0,0,0] VTK=[0,0,0,0,0,0,0,0,0]
i=401 GL=[0,0,0,0,0,0,0,0,0] VTK=[0,0,0,0,0,0,0,0,0]
i=402 GL=[0,0,0,0,0,0,0,0,0] VTK=[0,0,0,0,0,0,0,0,0]
i=403 GL=[0,0,0,0,0,0,0,0,0] VTK=[0,0,0,0,0,0,0,0,0]
i=404 GL=[0,0,0,0,0,0,0,0,0] VTK=[0,0,0,0,0,0,0,0,0]