提取了 405 个点坐标
提取了 1 个点数据数组，1 个数据数组（包含点数据和单元数据）
提取了 1 个单元数据数组，2 个数据数组（包含点数据和单元数据）
提取了点所属单元邻域信息
提取了单元连接关系和单元类型信息
提取了单元邻域信息
Dataset=Data\ShipHull_0.vtk points=405 cells=268
Available arrays (POINT):
  - RF comps=3 tuples=405
Use default array: RF
Array=RF Assoc=POINT
VTK_time_ms_avg=5.01534 VTK_time_ms_min=3.3996
GL_wall_ms_avg=1.72978 GL_wall_ms_min=0.6574
GL_gpu_ms_avg=0.273281 GL_gpu_ms_min=0.067184
Compare tuples=405 comps=9 MAE_abs=10747.1 RMSE=72802.4 MAX_abs=1.78477e+06 RelMAE(|VTK|>1e-3)=8.19425 RelMAX(|VTK|>1e-3)=84.8286 RelCount=105
i=0 GL=[-355817,-296783,44688.2,120011,100100,-15072.5,-9606.25,-8012.46,1206.48] VTK=[0,0,0,0,0,0,0,0,0]
i=1 GL=[0,0,0,0,0,0,0,0,0] VTK=[0,0,0,0,0,0,0,0,0]
i=2 GL=[-353248,289909,34611.3,-120937,99252.2,11849.4,-9517.64,7811.07,932.54] VTK=[0,0,0,0,0,0,0,0,0]
i=3 GL=[0,0,0,0,0,0,0,0,0] VTK=[0,0,0,0,0,0,0,0,0]
i=4 GL=[-339598,-188331,125482,114540,63520.6,-42322.9,-9168.37,-5084.5,3387.73] VTK=[0,0,0,0,0,0,0,0,0]
i=5 GL=[0,0,0,0,0,0,0,0,0] VTK=[0,0,0,0,0,0,0,0,0]
i=6 GL=[-336199,181393,114110,-115100,62101.3,39066.2,-9058.27,4887.32,3074.48] VTK=[0,0,0,0,0,0,0,0,0]
i=7 GL=[0,0,0,0,0,0,0,0,0] VTK=[0,0,0,0,0,0,0,0,0]
i=8 GL=[0,0,0,0,0,0,0,0,0] VTK=[0,0,0,0,0,0,0,0,0]
i=9 GL=[0,0,0,0,0,0,0,0,0] VTK=[0,0,0,0,0,0,0,0,0]
i=10 GL=[0,0,0,0,0,0,0,0,0] VTK=[0,0,0,0,0,0,0,0,0]
i=11 GL=[0,0,0,0,0,0,0,0,0] VTK=[0,0,0,0,0,0,0,0,0]
i=12 GL=[0,0,0,0,0,0,0,0,0] VTK=[0,0,0,0,0,0,0,0,0]
i=13 GL=[0,0,0,0,0,0,0,0,0] VTK=[0,0,0,0,0,0,0,0,0]
i=14 GL=[0,0,0,0,0,0,0,0,0] VTK=[0,0,0,0,0,0,0,0,0]
i=15 GL=[0,0,0,0,0,0,0,0,0] VTK=[0,0,0,0,0,0,0,0,0]
i=16 GL=[0,0,0,0,0,0,0,0,0] VTK=[0,0,0,0,0,0,0,0,0]
i=17 GL=[0,0,0,0,0,0,0,0,0] VTK=[0,0,0,0,0,0,0,0,0]
i=18 GL=[0,0,0,0,0,0,0,0,0] VTK=[0,0,0,0,0,0,0,0,0]
i=19 GL=[0,0,0,0,0,0,0,0,0] VTK=[0,0,0,0,0,0,0,0,0]
i=20 GL=[0,0,0,0,0,0,0,0,0] VTK=[0,0,0,0,0,0,0,0,0]
i=21 GL=[0,0,0,0,0,0,0,0,0] VTK=[0,0,0,0,0,0,0,0,0]
i=22 GL=[0,0,0,0,0,0,0,0,0] VTK=[0,0,0,0,0,0,0,0,0]
i=23 GL=[0,0,0,0,0,0,0,0,0] VTK=[0,0,0,0,0,0,0,0,0]
i=24 GL=[0,0,0,0,0,0,0,0,0] VTK=[0,0,0,0,0,0,0,0,0]
i=25 GL=[0,0,0,0,0,0,0,0,0] VTK=[0,0,0,0,0,0,0,0,0]
i=26 GL=[0,0,0,0,0,0,0,0,0] VTK=[0,0,0,0,0,0,0,0,0]
i=27 GL=[0,0,0,0,0,0,0,0,0] VTK=[0,0,0,0,0,0,0,0,0]
i=28 GL=[0,0,0,0,0,0,0,0,0] VTK=[0,0,0,0,0,0,0,0,0]
i=29 GL=[0,0,0,0,0,0,0,0,0] VTK=[0,0,0,0,0,0,0,0,0]
i=30 GL=[0,0,0,0,0,0,0,0,0] VTK=[0,0,0,0,0,0,0,0,0]
i=31 GL=[0,0,0,0,0,0,0,0,0] VTK=[0,0,0,0,0,0,0,0,0]
i=32 GL=[-1.7433e+06,-1.08146e+06,1.07748e+06,587984,364757,-363416,-47065.1,-29196.9,29089.6] VTK=[-961503,-1.06745e+06,2.1349e+06,324298,360032,-720065,-25958.4,-28818.8,57637.6]
i=33 GL=[0,0,0,0,0,0,0,0,0] VTK=[0,0,0,0,0,0,0,0,0]
i=34 GL=[0,0,0,0,0,0,0,0,0] VTK=[0,0,0,0,0,0,0,0,0]
i=35 GL=[913.335,-11554.3,369531,-308.051,3897.05,-124636,24.658,-311.939,9976.51] VTK=[0,0,0,0,0,0,0,0,0]
i=36 GL=[0,0,0,0,0,0,0,0,0] VTK=[0,0,0,0,0,0,0,0,0]
i=37 GL=[0,0,0,0,0,0,0,0,0] VTK=[0,0,0,0,0,0,0,0,0]
i=38 GL=[-4511.81,-23376.6,390900,-1544.65,-8003.15,133827,-121.563,-629.842,10532.1] VTK=[0,0,0,0,0,0,0,0,0]
i=39 GL=[-1.73404e+06,1.05123e+06,1.03247e+06,-593659,359895,353473,-46720.5,28323.5,27818] VTK=[-950041,1.05473e+06,2.10945e+06,-325253,361093,722185,-25597.2,28417.7,56835.4]
i=40 GL=[-2.63566e+06,-182499,-237977,-25233.5,-1747.22,-2278.36,786315,54446.1,70997.3] VTK=[-2.18549e+06,6212.89,-2.02275e+06,-20923.6,59.4813,-19365.5,652012,-1853.53,603460]
i=41 GL=[-219733,-229827,196114,74112.1,77516.6,-66145.7,-5932.3,-6204.81,5294.63] VTK=[0,0,0,0,0,0,0,0,0]
i=42 GL=[0,0,0,0,0,0,0,0,0] VTK=[0,0,0,0,0,0,0,0,0]
i=43 GL=[-217441,227714,162020,-74442.3,77959.6,55468.6,-5858.55,6135.36,4365.34] VTK=[0,0,0,0,0,0,0,0,0]
i=44 GL=[0,0,0,0,0,0,0,0,0] VTK=[0,0,0,0,0,0,0,0,0]
i=45 GL=[0,0,0,0,0,0,0,0,0] VTK=[0,0,0,0,0,0,0,0,0]
i=46 GL=[0,0,0,0,0,0,0,0,0] VTK=[0,0,0,0,0,0,0,0,0]
i=47 GL=[0,0,0,0,0,0,0,0,0] VTK=[0,0,0,0,0,0,0,0,0]
i=48 GL=[0,0,0,0,0,0,0,0,0] VTK=[0,0,0,0,0,0,0,0,0]
i=49 GL=[0,0,0,0,0,0,0,0,0] VTK=[0,0,0,0,0,0,0,0,0]
i=50 GL=[0,0,0,0,0,0,0,0,0] VTK=[0,0,0,0,0,0,0,0,0]
i=51 GL=[0,0,0,0,0,0,0,0,0] VTK=[0,0,0,0,0,0,0,0,0]
i=52 GL=[0,0,0,0,0,0,0,0,0] VTK=[0,0,0,0,0,0,0,0,0]
i=53 GL=[0,0,0,0,0,0,0,0,0] VTK=[0,0,0,0,0,0,0,0,0]
i=54 GL=[0,0,0,0,0,0,0,0,0] VTK=[0,0,0,0,0,0,0,0,0]
i=55 GL=[0,0,0,0,0,0,0,0,0] VTK=[0,0,0,0,0,0,0,0,0]
i=56 GL=[0,0,0,0,0,0,0,0,0] VTK=[0,0,0,0,0,0,0,0,0]
i=57 GL=[0,0,0,0,0,0,0,0,0] VTK=[0,0,0,0,0,0,0,0,0]
i=58 GL=[0,0,0,0,0,0,0,0,0] VTK=[0,0,0,0,0,0,0,0,0]
i=59 GL=[0,0,0,0,0,0,0,0,0] VTK=[0,0,0,0,0,0,0,0,0]
i=60 GL=[0,0,0,0,0,0,0,0,0] VTK=[0,0,0,0,0,0,0,0,0]
i=61 GL=[0,0,0,0,0,0,0,0,0] VTK=[0,0,0,0,0,0,0,0,0]
i=62 GL=[0,0,0,0,0,0,0,0,0] VTK=[0,0,0,0,0,0,0,0,0]
i=63 GL=[0,0,0,0,0,0,0,0,0] VTK=[0,0,0,0,0,0,0,0,0]
i=64 GL=[0,0,0,0,0,0,0,0,0] VTK=[0,0,0,0,0,0,0,0,0]
i=65 GL=[0,0,0,0,0,0,0,0,0] VTK=[0,0,0,0,0,0,0,0,0]
i=66 GL=[0,0,0,0,0,0,0,0,0] VTK=[0,0,0,0,0,0,0,0,0]
i=67 GL=[0,0,0,0,0,0,0,0,0] VTK=[0,0,0,0,0,0,0,0,0]
i=68 GL=[0,0,0,0,0,0,0,0,0] VTK=[0,0,0,0,0,0,0,0,0]
i=69 GL=[0,0,0,0,0,0,0,0,0] VTK=[0,0,0,0,0,0,0,0,0]
i=70 GL=[0,0,0,0,0,0,0,0,0] VTK=[0,0,0,0,0,0,0,0,0]
i=71 GL=[0,0,0,0,0,0,0,0,0] VTK=[0,0,0,0,0,0,0,0,0]
i=72 GL=[0,0,0,0,0,0,0,0,0] VTK=[0,0,0,0,0,0,0,0,0]
i=73 GL=[0,0,0,0,0,0,0,0,0] VTK=[0,0,0,0,0,0,0,0,0]
i=74 GL=[0,0,0,0,0,0,0,0,0] VTK=[0,0,0,0,0,0,0,0,0]
i=75 GL=[0,0,0,0,0,0,0,0,0] VTK=[0,0,0,0,0,0,0,0,0]
i=76 GL=[0,0,0,0,0,0,0,0,0] VTK=[0,0,0,0,0,0,0,0,0]
i=77 GL=[0,0,0,0,0,0,0,0,0] VTK=[0,0,0,0,0,0,0,0,0]
i=78 GL=[0,0,0,0,0,0,0,0,0] VTK=[0,0,0,0,0,0,0,0,0]
i=79 GL=[0,0,0,0,0,0,0,0,0] VTK=[0,0,0,0,0,0,0,0,0]
i=80 GL=[0,0,0,0,0,0,0,0,0] VTK=[0,0,0,0,0,0,0,0,0]
i=81 GL=[0,0,0,0,0,0,0,0,0] VTK=[0,0,0,0,0,0,0,0,0]
i=82 GL=[0,0,0,0,0,0,0,0,0] VTK=[0,0,0,0,0,0,0,0,0]
i=83 GL=[0,0,0,0,0,0,0,0,0] VTK=[0,0,0,0,0,0,0,0,0]
i=84 GL=[0,0,0,0,0,0,0,0,0] VTK=[0,0,0,0,0,0,0,0,0]
i=85 GL=[0,0,0,0,0,0,0,0,0] VTK=[0,0,0,0,0,0,0,0,0]
i=86 GL=[0,0,0,0,0,0,0,0,0] VTK=[0,0,0,0,0,0,0,0,0]
i=87 GL=[0,0,0,0,0,0,0,0,0] VTK=[0,0,0,0,0,0,0,0,0]
i=88 GL=[0,0,0,0,0,0,0,0,0] VTK=[0,0,0,0,0,0,0,0,0]
i=89 GL=[0,0,0,0,0,0,0,0,0] VTK=[0,0,0,0,0,0,0,0,0]
i=90 GL=[0,0,0,0,0,0,0,0,0] VTK=[0,0,0,0,0,0,0,0,0]
i=91 GL=[0,0,0,0,0,0,0,0,0] VTK=[0,0,0,0,0,0,0,0,0]
i=92 GL=[0,0,0,0,0,0,0,0,0] VTK=[0,0,0,0,0,0,0,0,0]
i=93 GL=[0,0,0,0,0,0,0,0,0] VTK=[0,0,0,0,0,0,0,0,0]
i=94 GL=[0,0,0,0,0,0,0,0,0] VTK=[0,0,0,0,0,0,0,0,0]
i=95 GL=[0,0,0,0,0,0,0,0,0] VTK=[0,0,0,0,0,0,0,0,0]
i=96 GL=[0,0,0,0,0,0,0,0,0] VTK=[0,0,0,0,0,0,0,0,0]
i=97 GL=[0,0,0,0,0,0,0,0,0] VTK=[0,0,0,0,0,0,0,0,0]
i=98 GL=[0,0,0,0,0,0,0,0,0] VTK=[0,0,0,0,0,0,0,0,0]
i=99 GL=[0,0,0,0,0,0,0,0,0] VTK=[0,0,0,0,0,0,0,0,0]
i=100 GL=[0,0,0,0,0,0,0,0,0] VTK=[0,0,0,0,0,0,0,0,0]
i=101 GL=[0,0,0,0,0,0,0,0,0] VTK=[0,0,0,0,0,0,0,0,0]
i=102 GL=[0,0,0,0,0,0,0,0,0] VTK=[0,0,0,0,0,0,0,0,0]
i=103 GL=[0,0,0,0,0,0,0,0,0] VTK=[0,0,0,0,0,0,0,0,0]
i=104 GL=[0,0,0,0,0,0,0,0,0] VTK=[0,0,0,0,0,0,0,0,0]
i=105 GL=[0,0,0,0,0,0,0,0,0] VTK=[0,0,0,0,0,0,0,0,0]
i=106 GL=[0,0,0,0,0,0,0,0,0] VTK=[0,0,0,0,0,0,0,0,0]
i=107 GL=[-303451,-107480,11759.9,102349,36251,-3966.41,-8192.5,-2901.71,317.491] VTK=[-961503,0,4594.1,324298,0,-1549.51,-25958.4,0,124.03]
i=108 GL=[0,0,0,0,0,0,0,0,0] VTK=[0,0,0,0,0,0,0,0,0]
i=109 GL=[0,0,0,0,0,0,0,0,0] VTK=[0,0,0,0,0,0,0,0,0]
i=110 GL=[0,0,0,0,0,0,0,0,0] VTK=[0,0,0,0,0,0,0,0,0]
i=111 GL=[0,0,0,0,0,0,0,0,0] VTK=[0,0,0,0,0,0,0,0,0]
i=112 GL=[0,0,0,0,0,0,0,0,0] VTK=[0,0,0,0,0,0,0,0,0]
i=113 GL=[0,0,0,0,0,0,0,0,0] VTK=[0,0,0,0,0,0,0,0,0]
i=114 GL=[0,0,0,0,0,0,0,0,0] VTK=[0,0,0,0,0,0,0,0,0]
i=115 GL=[0,0,0,0,0,0,0,0,0] VTK=[0,0,0,0,0,0,0,0,0]
i=116 GL=[0,0,0,0,0,0,0,0,0] VTK=[0,0,0,0,0,0,0,0,0]
i=117 GL=[0,0,0,0,0,0,0,0,0] VTK=[0,0,0,0,0,0,0,0,0]
i=118 GL=[0,0,0,0,0,0,0,0,0] VTK=[0,0,0,0,0,0,0,0,0]
i=119 GL=[0,0,0,0,0,0,0,0,0] VTK=[0,0,0,0,0,0,0,0,0]
i=120 GL=[0,0,0,0,0,0,0,0,0] VTK=[0,0,0,0,0,0,0,0,0]
i=121 GL=[0,0,0,0,0,0,0,0,0] VTK=[0,0,0,0,0,0,0,0,0]
i=122 GL=[0,0,0,0,0,0,0,0,0] VTK=[0,0,0,0,0,0,0,0,0]
i=123 GL=[0,0,0,0,0,0,0,0,0] VTK=[0,0,0,0,0,0,0,0,0]
i=124 GL=[0,0,0,0,0,0,0,0,0] VTK=[0,0,0,0,0,0,0,0,0]
i=125 GL=[0,0,0,0,0,0,0,0,0] VTK=[0,0,0,0,0,0,0,0,0]
i=126 GL=[0,0,0,0,0,0,0,0,0] VTK=[0,0,0,0,0,0,0,0,0]
i=127 GL=[0,0,0,0,0,0,0,0,0] VTK=[0,0,0,0,0,0,0,0,0]
i=128 GL=[0,0,0,0,0,0,0,0,0] VTK=[0,0,0,0,0,0,0,0,0]
i=129 GL=[0,0,0,0,0,0,0,0,0] VTK=[0,0,0,0,0,0,0,0,0]
i=130 GL=[0,0,0,0,0,0,0,0,0] VTK=[0,0,0,0,0,0,0,0,0]
i=131 GL=[0,0,0,0,0,0,0,0,0] VTK=[0,0,0,0,0,0,0,0,0]
i=132 GL=[0,0,0,0,0,0,0,0,0] VTK=[0,0,0,0,0,0,0,0,0]
i=133 GL=[0,0,0,0,0,0,0,0,0] VTK=[0,0,0,0,0,0,0,0,0]
i=134 GL=[0,0,0,0,0,0,0,0,0] VTK=[0,0,0,0,0,0,0,0,0]
i=135 GL=[0,0,0,0,0,0,0,0,0] VTK=[0,0,0,0,0,0,0,0,0]
i=136 GL=[0,0,0,0,0,0,0,0,0] VTK=[0,0,0,0,0,0,0,0,0]
i=137 GL=[0,0,0,0,0,0,0,0,0] VTK=[0,0,0,0,0,0,0,0,0]
i=138 GL=[0,0,0,0,0,0,0,0,0] VTK=[0,0,0,0,0,0,0,0,0]
i=139 GL=[0,0,0,0,0,0,0,0,0] VTK=[0,0,0,0,0,0,0,0,0]
i=140 GL=[0,0,0,0,0,0,0,0,0] VTK=[0,0,0,0,0,0,0,0,0]
i=141 GL=[0,0,0,0,0,0,0,0,0] VTK=[0,0,0,0,0,0,0,0,0]
i=142 GL=[0,0,0,0,0,0,0,0,0] VTK=[0,0,0,0,0,0,0,0,0]
i=143 GL=[0,0,0,0,0,0,0,0,0] VTK=[0,0,0,0,0,0,0,0,0]
i=144 GL=[0,0,0,0,0,0,0,0,0] VTK=[0,0,0,0,0,0,0,0,0]
i=145 GL=[0,0,0,0,0,0,0,0,0] VTK=[0,0,0,0,0,0,0,0,0]
i=146 GL=[0,0,0,0,0,0,0,0,0] VTK=[0,0,0,0,0,0,0,0,0]
i=147 GL=[0,0,0,0,0,0,0,0,0] VTK=[0,0,0,0,0,0,0,0,0]
i=148 GL=[0,0,0,0,0,0,0,0,0] VTK=[0,0,0,0,0,0,0,0,0]
i=149 GL=[0,0,0,0,0,0,0,0,0] VTK=[0,0,0,0,0,0,0,0,0]
i=150 GL=[0,0,0,0,0,0,0,0,0] VTK=[0,0,0,0,0,0,0,0,0]
i=151 GL=[0,0,0,0,0,0,0,0,0] VTK=[0,0,0,0,0,0,0,0,0]
i=152 GL=[-299834,106198,11619.7,-102650,36357.8,3978.09,-8078.49,2861.33,313.072] VTK=[-950041,0,4539.34,-325253,0,1554.07,-25597.2,0,122.304]
i=153 GL=[-87798.7,27329.3,249660,29613,-9217.69,-84205.8,-2370.37,737.83,6740.25] VTK=[-4851.27,14566.1,1.06745e+06,1636.25,-4912.87,-360032,-130.973,393.251,28818.8]
i=154 GL=[0,0,0,0,0,0,0,0,0] VTK=[0,0,0,0,0,0,0,0,0]
i=155 GL=[0,0,0,0,0,0,0,0,0] VTK=[0,0,0,0,0,0,0,0,0]
i=156 GL=[0,0,0,0,0,0,0,0,0] VTK=[0,0,0,0,0,0,0,0,0]
i=157 GL=[0,0,0,0,0,0,0,0,0] VTK=[0,0,0,0,0,0,0,0,0]
i=158 GL=[-98068.3,-48320.1,275525,-33574.4,-16542.7,94327.9,-2642.28,-1301.9,7423.53] VTK=[-4793.43,-78327,1.05473e+06,-1641.06,-26815.8,361093,-129.151,-2110.38,28417.7]
i=159 GL=[0,0,0,0,0,0,0,0,0] VTK=[0,0,0,0,0,0,0,0,0]
i=160 GL=[0,0,0,0,0,0,0,0,0] VTK=[0,0,0,0,0,0,0,0,0]
i=161 GL=[0,0,0,0,0,0,0,0,0] VTK=[0,0,0,0,0,0,0,0,0]
i=162 GL=[-230633,-241398,315490,77788.3,81419.1,-106409,-6226.56,-6517.19,8517.51] VTK=[0,0,0,0,0,0,0,0,0]
i=163 GL=[0,0,0,0,0,0,0,0,0] VTK=[0,0,0,0,0,0,0,0,0]
i=164 GL=[-226006,238035,255548,-77374.6,81492.8,87488.8,-6089.32,6413.42,6885.3] VTK=[0,0,0,0,0,0,0,0,0]
i=165 GL=[0,0,0,0,0,0,0,0,0] VTK=[0,0,0,0,0,0,0,0,0]
i=166 GL=[0,0,0,0,0,0,0,0,0] VTK=[0,0,0,0,0,0,0,0,0]
i=167 GL=[0,0,0,0,0,0,0,0,0] VTK=[0,0,0,0,0,0,0,0,0]
i=168 GL=[-143852,585216,-185412,-1377.22,5602.77,-1775.11,42916.3,-174591,55315.2] VTK=[-405760,1.30366e+06,-98691.9,-3884.68,12481.1,-944.862,121053,-388930,29443.4]
i=169 GL=[-159236,-436755,-148369,-1524.5,-4181.42,-1420.46,47505.8,130300,44263.8] VTK=[-415813,-1.31082e+06,-86021.1,-3980.94,-12549.5,-823.553,124052,391064,25663.2]
i=170 GL=[0,0,0,0,0,0,0,0,0] VTK=[0,0,0,0,0,0,0,0,0]
i=171 GL=[0,0,0,0,0,0,0,0,0] VTK=[0,0,0,0,0,0,0,0,0]
i=172 GL=[0,0,0,0,0,0,0,0,0] VTK=[0,0,0,0,0,0,0,0,0]
i=173 GL=[10799.6,-273850,23360.3,-3642.53,92364.9,-7879.02,291.566,-7393.34,630.676] VTK=[0,-1.06745e+06,178360,0,360032,-60157.5,0,-28818.8,4815.3]
i=174 GL=[0,0,0,0,0,0,0,0,0] VTK=[0,0,0,0,0,0,0,0,0]
i=175 GL=[0,0,0,0,0,0,0,0,0] VTK=[0,0,0,0,0,0,0,0,0]
i=176 GL=[11464.5,265307,3185.2,3924.95,90829.7,1090.48,308.89,7148.23,85.8196] VTK=[1.48716e-05,1.05473e+06,44001.9,5.09141e-06,361093,15064.3,4.0069e-07,28417.7,1185.55]
i=177 GL=[-278875,-422421,172831,94059.5,142475,-58293,-7528.99,-11404.4,4666.06] VTK=[0,0,0,0,0,0,0,0,0]
i=178 GL=[0,0,0,0,0,0,0,0,0] VTK=[0,0,0,0,0,0,0,0,0]
i=179 GL=[0,0,0,0,0,0,0,0,0] VTK=[0,0,0,0,0,0,0,0,0]
i=180 GL=[0,0,0,0,0,0,0,0,0] VTK=[0,0,0,0,0,0,0,0,0]
i=181 GL=[0,0,0,0,0,0,0,0,0] VTK=[0,0,0,0,0,0,0,0,0]
i=182 GL=[0,0,0,0,0,0,0,0,0] VTK=[0,0,0,0,0,0,0,0,0]
i=183 GL=[0,0,0,0,0,0,0,0,0] VTK=[0,0,0,0,0,0,0,0,0]
i=184 GL=[0,0,0,0,0,0,0,0,0] VTK=[0,0,0,0,0,0,0,0,0]
i=185 GL=[0,0,0,0,0,0,0,0,0] VTK=[0,0,0,0,0,0,0,0,0]
i=186 GL=[0,0,0,0,0,0,0,0,0] VTK=[0,0,0,0,0,0,0,0,0]
i=187 GL=[0,0,0,0,0,0,0,0,0] VTK=[0,0,0,0,0,0,0,0,0]
i=188 GL=[0,0,0,0,0,0,0,0,0] VTK=[0,0,0,0,0,0,0,0,0]
i=189 GL=[0,0,0,0,0,0,0,0,0] VTK=[0,0,0,0,0,0,0,0,0]
i=190 GL=[0,0,0,0,0,0,0,0,0] VTK=[0,0,0,0,0,0,0,0,0]
i=191 GL=[0,0,0,0,0,0,0,0,0] VTK=[0,0,0,0,0,0,0,0,0]
i=192 GL=[0,0,0,0,0,0,0,0,0] VTK=[0,0,0,0,0,0,0,0,0]
i=193 GL=[0,0,0,0,0,0,0,0,0] VTK=[0,0,0,0,0,0,0,0,0]
i=194 GL=[0,0,0,0,0,0,0,0,0] VTK=[0,0,0,0,0,0,0,0,0]
i=195 GL=[0,0,0,0,0,0,0,0,0] VTK=[0,0,0,0,0,0,0,0,0]
i=196 GL=[0,0,0,0,0,0,0,0,0] VTK=[0,0,0,0,0,0,0,0,0]
i=197 GL=[0,0,0,0,0,0,0,0,0] VTK=[0,0,0,0,0,0,0,0,0]
i=198 GL=[0,0,0,0,0,0,0,0,0] VTK=[0,0,0,0,0,0,0,0,0]
i=199 GL=[0,0,0,0,0,0,0,0,0] VTK=[0,0,0,0,0,0,0,0,0]
i=200 GL=[0,0,0,0,0,0,0,0,0] VTK=[0,0,0,0,0,0,0,0,0]
i=201 GL=[0,0,0,0,0,0,0,0,0] VTK=[0,0,0,0,0,0,0,0,0]
i=202 GL=[0,0,0,0,0,0,0,0,0] VTK=[0,0,0,0,0,0,0,0,0]
i=203 GL=[0,0,0,0,0,0,0,0,0] VTK=[0,0,0,0,0,0,0,0,0]
i=204 GL=[0,0,0,0,0,0,0,0,0] VTK=[0,0,0,0,0,0,0,0,0]
i=205 GL=[0,0,0,0,0,0,0,0,0] VTK=[0,0,0,0,0,0,0,0,0]
i=206 GL=[0,0,0,0,0,0,0,0,0] VTK=[0,0,0,0,0,0,0,0,0]
i=207 GL=[0,0,0,0,0,0,0,0,0] VTK=[0,0,0,0,0,0,0,0,0]
i=208 GL=[0,0,0,0,0,0,0,0,0] VTK=[0,0,0,0,0,0,0,0,0]
i=209 GL=[0,0,0,0,0,0,0,0,0] VTK=[0,0,0,0,0,0,0,0,0]
i=210 GL=[0,0,0,0,0,0,0,0,0] VTK=[0,0,0,0,0,0,0,0,0]
i=211 GL=[0,0,0,0,0,0,0,0,0] VTK=[0,0,0,0,0,0,0,0,0]
i=212 GL=[0,0,0,0,0,0,0,0,0] VTK=[0,0,0,0,0,0,0,0,0]
i=213 GL=[0,0,0,0,0,0,0,0,0] VTK=[0,0,0,0,0,0,0,0,0]
i=214 GL=[0,0,0,0,0,0,0,0,0] VTK=[0,0,0,0,0,0,0,0,0]
i=215 GL=[0,0,0,0,0,0,0,0,0] VTK=[0,0,0,0,0,0,0,0,0]
i=216 GL=[0,0,0,0,0,0,0,0,0] VTK=[0,0,0,0,0,0,0,0,0]
i=217 GL=[0,0,0,0,0,0,0,0,0] VTK=[0,0,0,0,0,0,0,0,0]
i=218 GL=[0,0,0,0,0,0,0,0,0] VTK=[0,0,0,0,0,0,0,0,0]
i=219 GL=[0,0,0,0,0,0,0,0,0] VTK=[0,0,0,0,0,0,0,0,0]
i=220 GL=[0,0,0,0,0,0,0,0,0] VTK=[0,0,0,0,0,0,0,0,0]
i=221 GL=[0,0,0,0,0,0,0,0,0] VTK=[0,0,0,0,0,0,0,0,0]
i=222 GL=[0,0,0,0,0,0,0,0,0] VTK=[0,0,0,0,0,0,0,0,0]
i=223 GL=[0,0,0,0,0,0,0,0,0] VTK=[0,0,0,0,0,0,0,0,0]
i=224 GL=[0,0,0,0,0,0,0,0,0] VTK=[0,0,0,0,0,0,0,0,0]
i=225 GL=[0,0,0,0,0,0,0,0,0] VTK=[0,0,0,0,0,0,0,0,0]
i=226 GL=[0,0,0,0,0,0,0,0,0] VTK=[0,0,0,0,0,0,0,0,0]
i=227 GL=[0,0,0,0,0,0,0,0,0] VTK=[0,0,0,0,0,0,0,0,0]
i=228 GL=[0,0,0,0,0,0,0,0,0] VTK=[0,0,0,0,0,0,0,0,0]
i=229 GL=[0,0,0,0,0,0,0,0,0] VTK=[0,0,0,0,0,0,0,0,0]
i=230 GL=[0,0,0,0,0,0,0,0,0] VTK=[0,0,0,0,0,0,0,0,0]
i=231 GL=[0,0,0,0,0,0,0,0,0] VTK=[0,0,0,0,0,0,0,0,0]
i=232 GL=[0,0,0,0,0,0,0,0,0] VTK=[0,0,0,0,0,0,0,0,0]
i=233 GL=[0,0,0,0,0,0,0,0,0] VTK=[0,0,0,0,0,0,0,0,0]
i=234 GL=[0,0,0,0,0,0,0,0,0] VTK=[0,0,0,0,0,0,0,0,0]
i=235 GL=[0,0,0,0,0,0,0,0,0] VTK=[0,0,0,0,0,0,0,0,0]
i=236 GL=[0,0,0,0,0,0,0,0,0] VTK=[0,0,0,0,0,0,0,0,0]
i=237 GL=[0,0,0,0,0,0,0,0,0] VTK=[0,0,0,0,0,0,0,0,0]
i=238 GL=[0,0,0,0,0,0,0,0,0] VTK=[0,0,0,0,0,0,0,0,0]
i=239 GL=[0,0,0,0,0,0,0,0,0] VTK=[0,0,0,0,0,0,0,0,0]
i=240 GL=[0,0,0,0,0,0,0,0,0] VTK=[0,0,0,0,0,0,0,0,0]
i=241 GL=[0,0,0,0,0,0,0,0,0] VTK=[0,0,0,0,0,0,0,0,0]
i=242 GL=[0,0,0,0,0,0,0,0,0] VTK=[0,0,0,0,0,0,0,0,0]
i=243 GL=[0,0,0,0,0,0,0,0,0] VTK=[0,0,0,0,0,0,0,0,0]
i=244 GL=[0,0,0,0,0,0,0,0,0] VTK=[0,0,0,0,0,0,0,0,0]
i=245 GL=[0,0,0,0,0,0,0,0,0] VTK=[0,0,0,0,0,0,0,0,0]
i=246 GL=[0,0,0,0,0,0,0,0,0] VTK=[0,0,0,0,0,0,0,0,0]
i=247 GL=[0,0,0,0,0,0,0,0,0] VTK=[0,0,0,0,0,0,0,0,0]
i=248 GL=[0,0,0,0,0,0,0,0,0] VTK=[0,0,0,0,0,0,0,0,0]
i=249 GL=[0,0,0,0,0,0,0,0,0] VTK=[0,0,0,0,0,0,0,0,0]
i=250 GL=[0,0,0,0,0,0,0,0,0] VTK=[0,0,0,0,0,0,0,0,0]
i=251 GL=[0,0,0,0,0,0,0,0,0] VTK=[0,0,0,0,0,0,0,0,0]
i=252 GL=[0,0,0,0,0,0,0,0,0] VTK=[0,0,0,0,0,0,0,0,0]
i=253 GL=[0,0,0,0,0,0,0,0,0] VTK=[0,0,0,0,0,0,0,0,0]
i=254 GL=[0,0,0,0,0,0,0,0,0] VTK=[0,0,0,0,0,0,0,0,0]
i=255 GL=[0,0,0,0,0,0,0,0,0] VTK=[0,0,0,0,0,0,0,0,0]
i=256 GL=[0,0,0,0,0,0,0,0,0] VTK=[0,0,0,0,0,0,0,0,0]
i=257 GL=[0,0,0,0,0,0,0,0,0] VTK=[0,0,0,0,0,0,0,0,0]
i=258 GL=[0,0,0,0,0,0,0,0,0] VTK=[0,0,0,0,0,0,0,0,0]
i=259 GL=[0,0,0,0,0,0,0,0,0] VTK=[0,0,0,0,0,0,0,0,0]
i=260 GL=[0,0,0,0,0,0,0,0,0] VTK=[0,0,0,0,0,0,0,0,0]
i=261 GL=[0,0,0,0,0,0,0,0,0] VTK=[0,0,0,0,0,0,0,0,0]
i=262 GL=[0,0,0,0,0,0,0,0,0] VTK=[0,0,0,0,0,0,0,0,0]
i=263 GL=[0,0,0,0,0,0,0,0,0] VTK=[0,0,0,0,0,0,0,0,0]
i=264 GL=[0,0,0,0,0,0,0,0,0] VTK=[0,0,0,0,0,0,0,0,0]
i=265 GL=[0,0,0,0,0,0,0,0,0] VTK=[0,0,0,0,0,0,0,0,0]
i=266 GL=[0,0,0,0,0,0,0,0,0] VTK=[0,0,0,0,0,0,0,0,0]
i=267 GL=[0,0,0,0,0,0,0,0,0] VTK=[0,0,0,0,0,0,0,0,0]
i=268 GL=[0,0,0,0,0,0,0,0,0] VTK=[0,0,0,0,0,0,0,0,0]
i=269 GL=[0,0,0,0,0,0,0,0,0] VTK=[0,0,0,0,0,0,0,0,0]
i=270 GL=[0,0,0,0,0,0,0,0,0] VTK=[0,0,0,0,0,0,0,0,0]
i=271 GL=[0,0,0,0,0,0,0,0,0] VTK=[0,0,0,0,0,0,0,0,0]
i=272 GL=[0,0,0,0,0,0,0,0,0] VTK=[0,0,0,0,0,0,0,0,0]
i=273 GL=[0,0,0,0,0,0,0,0,0] VTK=[0,0,0,0,0,0,0,0,0]
i=274 GL=[0,0,0,0,0,0,0,0,0] VTK=[0,0,0,0,0,0,0,0,0]
i=275 GL=[0,0,0,0,0,0,0,0,0] VTK=[0,0,0,0,0,0,0,0,0]
i=276 GL=[0,0,0,0,0,0,0,0,0] VTK=[0,0,0,0,0,0,0,0,0]
i=277 GL=[0,0,0,0,0,0,0,0,0] VTK=[0,0,0,0,0,0,0,0,0]
i=278 GL=[0,0,0,0,0,0,0,0,0] VTK=[0,0,0,0,0,0,0,0,0]
i=279 GL=[0,0,0,0,0,0,0,0,0] VTK=[0,0,0,0,0,0,0,0,0]
i=280 GL=[0,0,0,0,0,0,0,0,0] VTK=[0,0,0,0,0,0,0,0,0]
i=281 GL=[0,0,0,0,0,0,0,0,0] VTK=[0,0,0,0,0,0,0,0,0]
i=282 GL=[0,0,0,0,0,0,0,0,0] VTK=[0,0,0,0,0,0,0,0,0]
i=283 GL=[0,0,0,0,0,0,0,0,0] VTK=[0,0,0,0,0,0,0,0,0]
i=284 GL=[0,0,0,0,0,0,0,0,0] VTK=[0,0,0,0,0,0,0,0,0]
i=285 GL=[0,0,0,0,0,0,0,0,0] VTK=[0,0,0,0,0,0,0,0,0]
i=286 GL=[0,0,0,0,0,0,0,0,0] VTK=[0,0,0,0,0,0,0,0,0]
i=287 GL=[0,0,0,0,0,0,0,0,0] VTK=[0,0,0,0,0,0,0,0,0]
i=288 GL=[0,0,0,0,0,0,0,0,0] VTK=[0,0,0,0,0,0,0,0,0]
i=289 GL=[0,0,0,0,0,0,0,0,0] VTK=[0,0,0,0,0,0,0,0,0]
i=290 GL=[0,0,0,0,0,0,0,0,0] VTK=[0,0,0,0,0,0,0,0,0]
i=291 GL=[0,0,0,0,0,0,0,0,0] VTK=[0,0,0,0,0,0,0,0,0]
i=292 GL=[0,0,0,0,0,0,0,0,0] VTK=[0,0,0,0,0,0,0,0,0]
i=293 GL=[0,0,0,0,0,0,0,0,0] VTK=[0,0,0,0,0,0,0,0,0]
i=294 GL=[0,0,0,0,0,0,0,0,0] VTK=[0,0,0,0,0,0,0,0,0]
i=295 GL=[0,0,0,0,0,0,0,0,0] VTK=[0,0,0,0,0,0,0,0,0]
i=296 GL=[0,0,0,0,0,0,0,0,0] VTK=[0,0,0,0,0,0,0,0,0]
i=297 GL=[0,0,0,0,0,0,0,0,0] VTK=[0,0,0,0,0,0,0,0,0]
i=298 GL=[0,0,0,0,0,0,0,0,0] VTK=[0,0,0,0,0,0,0,0,0]
i=299 GL=[0,0,0,0,0,0,0,0,0] VTK=[0,0,0,0,0,0,0,0,0]
i=300 GL=[0,0,0,0,0,0,0,0,0] VTK=[0,0,0,0,0,0,0,0,0]
i=301 GL=[0,0,0,0,0,0,0,0,0] VTK=[0,0,0,0,0,0,0,0,0]
i=302 GL=[0,0,0,0,0,0,0,0,0] VTK=[0,0,0,0,0,0,0,0,0]
i=303 GL=[0,0,0,0,0,0,0,0,0] VTK=[0,0,0,0,0,0,0,0,0]
i=304 GL=[0,0,0,0,0,0,0,0,0] VTK=[0,0,0,0,0,0,0,0,0]
i=305 GL=[0,0,0,0,0,0,0,0,0] VTK=[0,0,0,0,0,0,0,0,0]
i=306 GL=[0,0,0,0,0,0,0,0,0] VTK=[0,0,0,0,0,0,0,0,0]
i=307 GL=[0,0,0,0,0,0,0,0,0] VTK=[0,0,0,0,0,0,0,0,0]
i=308 GL=[0,0,0,0,0,0,0,0,0] VTK=[0,0,0,0,0,0,0,0,0]
i=309 GL=[0,0,0,0,0,0,0,0,0] VTK=[0,0,0,0,0,0,0,0,0]
i=310 GL=[0,0,0,0,0,0,0,0,0] VTK=[0,0,0,0,0,0,0,0,0]
i=311 GL=[0,0,0,0,0,0,0,0,0] VTK=[0,0,0,0,0,0,0,0,0]
i=312 GL=[0,0,0,0,0,0,0,0,0] VTK=[0,0,0,0,0,0,0,0,0]
i=313 GL=[0,0,0,0,0,0,0,0,0] VTK=[0,0,0,0,0,0,0,0,0]
i=314 GL=[0,0,0,0,0,0,0,0,0] VTK=[0,0,0,0,0,0,0,0,0]
i=315 GL=[0,0,0,0,0,0,0,0,0] VTK=[0,0,0,0,0,0,0,0,0]
i=316 GL=[0,0,0,0,0,0,0,0,0] VTK=[0,0,0,0,0,0,0,0,0]
i=317 GL=[0,0,0,0,0,0,0,0,0] VTK=[0,0,0,0,0,0,0,0,0]
i=318 GL=[0,0,0,0,0,0,0,0,0] VTK=[0,0,0,0,0,0,0,0,0]
i=319 GL=[0,0,0,0,0,0,0,0,0] VTK=[0,0,0,0,0,0,0,0,0]
i=320 GL=[0,0,0,0,0,0,0,0,0] VTK=[0,0,0,0,0,0,0,0,0]
i=321 GL=[0,0,0,0,0,0,0,0,0] VTK=[0,0,0,0,0,0,0,0,0]
i=322 GL=[0,0,0,0,0,0,0,0,0] VTK=[0,0,0,0,0,0,0,0,0]
i=323 GL=[0,0,0,0,0,0,0,0,0] VTK=[0,0,0,0,0,0,0,0,0]
i=324 GL=[0,0,0,0,0,0,0,0,0] VTK=[0,0,0,0,0,0,0,0,0]
i=325 GL=[0,0,0,0,0,0,0,0,0] VTK=[0,0,0,0,0,0,0,0,0]
i=326 GL=[0,0,0,0,0,0,0,0,0] VTK=[0,0,0,0,0,0,0,0,0]
i=327 GL=[0,0,0,0,0,0,0,0,0] VTK=[0,0,0,0,0,0,0,0,0]
i=328 GL=[0,0,0,0,0,0,0,0,0] VTK=[0,0,0,0,0,0,0,0,0]
i=329 GL=[0,0,0,0,0,0,0,0,0] VTK=[0,0,0,0,0,0,0,0,0]
i=330 GL=[0,0,0,0,0,0,0,0,0] VTK=[0,0,0,0,0,0,0,0,0]
i=331 GL=[0,0,0,0,0,0,0,0,0] VTK=[0,0,0,0,0,0,0,0,0]
i=332 GL=[0,0,0,0,0,0,0,0,0] VTK=[0,0,0,0,0,0,0,0,0]
i=333 GL=[0,0,0,0,0,0,0,0,0] VTK=[0,0,0,0,0,0,0,0,0]
i=334 GL=[0,0,0,0,0,0,0,0,0] VTK=[0,0,0,0,0,0,0,0,0]
i=335 GL=[0,0,0,0,0,0,0,0,0] VTK=[0,0,0,0,0,0,0,0,0]
i=336 GL=[0,0,0,0,0,0,0,0,0] VTK=[0,0,0,0,0,0,0,0,0]
i=337 GL=[0,0,0,0,0,0,0,0,0] VTK=[0,0,0,0,0,0,0,0,0]
i=338 GL=[0,0,0,0,0,0,0,0,0] VTK=[0,0,0,0,0,0,0,0,0]
i=339 GL=[-274816,347454,168329,-94085.1,118953,57628.5,-7404.43,9361.52,4535.32] VTK=[6.08479e-11,0,5.88526e-11,2.08317e-11,0,2.01486e-11,1.63944e-12,0,1.58568e-12]
i=340 GL=[0,0,0,0,0,0,0,0,0] VTK=[0,0,0,0,0,0,0,0,0]
i=341 GL=[0,0,0,0,0,0,0,0,0] VTK=[0,0,0,0,0,0,0,0,0]
i=342 GL=[0,0,0,0,0,0,0,0,0] VTK=[0,0,0,0,0,0,0,0,0]
i=343 GL=[0,0,0,0,0,0,0,0,0] VTK=[0,0,0,0,0,0,0,0,0]
i=344 GL=[0,0,0,0,0,0,0,0,0] VTK=[0,0,0,0,0,0,0,0,0]
i=345 GL=[0,0,0,0,0,0,0,0,0] VTK=[0,0,0,0,0,0,0,0,0]
i=346 GL=[0,0,0,0,0,0,0,0,0] VTK=[0,0,0,0,0,0,0,0,0]
i=347 GL=[0,0,0,0,0,0,0,0,0] VTK=[0,0,0,0,0,0,0,0,0]
i=348 GL=[0,0,0,0,0,0,0,0,0] VTK=[0,0,0,0,0,0,0,0,0]
i=349 GL=[0,0,0,0,0,0,0,0,0] VTK=[0,0,0,0,0,0,0,0,0]
i=350 GL=[0,0,0,0,0,0,0,0,0] VTK=[0,0,0,0,0,0,0,0,0]
i=351 GL=[0,0,0,0,0,0,0,0,0] VTK=[0,0,0,0,0,0,0,0,0]
i=352 GL=[0,0,0,0,0,0,0,0,0] VTK=[0,0,0,0,0,0,0,0,0]
i=353 GL=[0,0,0,0,0,0,0,0,0] VTK=[0,0,0,0,0,0,0,0,0]
i=354 GL=[0,0,0,0,0,0,0,0,0] VTK=[0,0,0,0,0,0,0,0,0]
i=355 GL=[0,0,0,0,0,0,0,0,0] VTK=[0,0,0,0,0,0,0,0,0]
i=356 GL=[0,0,0,0,0,0,0,0,0] VTK=[0,0,0,0,0,0,0,0,0]
i=357 GL=[0,0,0,0,0,0,0,0,0] VTK=[0,0,0,0,0,0,0,0,0]
i=358 GL=[-669338,107771,-155949,-6408.14,1031.78,-1493.03,199688,-32152,46525.2] VTK=[0,0,0,0,0,0,0,0,0]
i=359 GL=[0,0,0,0,0,0,0,0,0] VTK=[0,0,0,0,0,0,0,0,0]
i=360 GL=[0,0,0,0,0,0,0,0,0] VTK=[0,0,0,0,0,0,0,0,0]
i=361 GL=[0,0,0,0,0,0,0,0,0] VTK=[0,0,0,0,0,0,0,0,0]
i=362 GL=[0,0,0,0,0,0,0,0,0] VTK=[0,0,0,0,0,0,0,0,0]
i=363 GL=[0,0,0,0,0,0,0,0,0] VTK=[0,0,0,0,0,0,0,0,0]
i=364 GL=[-650410,-253313,-74477,-6226.93,-2425.18,-713.032,194041,75572.5,22219.2] VTK=[0,0,0,0,0,0,0,0,0]
i=365 GL=[0,0,0,0,0,0,0,0,0] VTK=[0,0,0,0,0,0,0,0,0]
i=366 GL=[0,0,0,0,0,0,0,0,0] VTK=[0,0,0,0,0,0,0,0,0]
i=367 GL=[0,0,0,0,0,0,0,0,0] VTK=[0,0,0,0,0,0,0,0,0]
i=368 GL=[0,0,0,0,0,0,0,0,0] VTK=[0,0,0,0,0,0,0,0,0]
i=369 GL=[-334097,367092,306179,-114380,125677,104823,-9001.65,9890.65,8249.46] VTK=[6.98729e-16,4.95553e-05,-1.13773e-05,2.39215e-16,1.69656e-05,-3.8951e-06,1.8826e-17,1.33518e-06,-3.06542e-07]
i=370 GL=[-395003,-405292,386928,133227,136698,-130504,-10664.2,-10942,10446.2] VTK=[0,-8.45533e-06,-4.31453e-05,0,2.85184e-06,1.45522e-05,0,-2.28275e-07,-1.16483e-06]
i=371 GL=[0,0,0,0,0,0,0,0,0] VTK=[0,0,0,0,0,0,0,0,0]
i=372 GL=[0,0,0,0,0,0,0,0,0] VTK=[0,0,0,0,0,0,0,0,0]
i=373 GL=[0,0,0,0,0,0,0,0,0] VTK=[0,0,0,0,0,0,0,0,0]
i=374 GL=[0,0,0,0,0,0,0,0,0] VTK=[0,0,0,0,0,0,0,0,0]
i=375 GL=[0,0,0,0,0,0,0,0,0] VTK=[0,0,0,0,0,0,0,0,0]
i=376 GL=[0,0,0,0,0,0,0,0,0] VTK=[0,0,0,0,0,0,0,0,0]
i=377 GL=[-292405,410086,-353495,-2799.44,3926.1,-3384.31,87235,-122344,105460] VTK=[5182.05,-7379.57,4216.88,49.6121,-70.6509,40.3718,-1545.99,2201.6,-1258.05]
i=378 GL=[0,0,0,0,0,0,0,0,0] VTK=[0,0,0,0,0,0,0,0,0]
i=379 GL=[-343857,26084.1,-392286,-3292.03,249.725,-3755.69,102585,-7781.82,117033] VTK=[-875108,-66490.9,-1.18445e+06,-8378.16,-636.573,-11339.7,261077,19836.6,353364]
i=380 GL=[0,0,0,0,0,0,0,0,0] VTK=[0,0,0,0,0,0,0,0,0]
i=381 GL=[0,0,0,0,0,0,0,0,0] VTK=[0,0,0,0,0,0,0,0,0]
i=382 GL=[0,0,0,0,0,0,0,0,0] VTK=[0,0,0,0,0,0,0,0,0]
i=383 GL=[0,0,0,0,0,0,0,0,0] VTK=[0,0,0,0,0,0,0,0,0]
i=384 GL=[0,0,0,0,0,0,0,0,0] VTK=[0,0,0,0,0,0,0,0,0]
i=385 GL=[0,0,0,0,0,0,0,0,0] VTK=[0,0,0,0,0,0,0,0,0]
i=386 GL=[0,0,0,0,0,0,0,0,0] VTK=[0,0,0,0,0,0,0,0,0]
i=387 GL=[-293654,-441549,-328676,-2811.4,-4227.32,-3146.69,87607.7,131730,98056] VTK=[0,0,0,0,0,0,0,0,0]
i=388 GL=[0,0,0,0,0,0,0,0,0] VTK=[0,0,0,0,0,0,0,0,0]
i=389 GL=[0,0,0,0,0,0,0,0,0] VTK=[0,0,0,0,0,0,0,0,0]
i=390 GL=[0,0,0,0,0,0,0,0,0] VTK=[0,0,0,0,0,0,0,0,0]
i=391 GL=[0,0,0,0,0,0,0,0,0] VTK=[0,0,0,0,0,0,0,0,0]
i=392 GL=[0,0,0,0,0,0,0,0,0] VTK=[0,0,0,0,0,0,0,0,0]
i=393 GL=[0,0,0,0,0,0,0,0,0] VTK=[0,0,0,0,0,0,0,0,0]
i=394 GL=[0,0,0,0,0,0,0,0,0] VTK=[0,0,0,0,0,0,0,0,0]
i=395 GL=[0,0,0,0,0,0,0,0,0] VTK=[0,0,0,0,0,0,0,0,0]
i=396 GL=[0,0,0,0,0,0,0,0,0] VTK=[0,0,0,0,0,0,0,0,0]
i=397 GL=[0,0,0,0,0,0,0,0,0] VTK=[0,0,0,0,0,0,0,0,0]
i=398 GL=[0,0,0,0,0,0,0,0,0] VTK=[0,0,0,0,0,0,0,0,0]
i=399 GL=[0,0,0,0,0,0,0,0,0] VTK=[0,0,0,0,0,0,0,0,0]
i=400 GL=[0,0,0,0,0,0,0,0,0] VTK=[0,0,0,0,0,0,0,0,0]
i=401 GL=[0,0,0,0,0,0,0,0,0] VTK=[0,0,0,0,0,0,0,0,0]
i=402 GL=[0,0,0,0,0,0,0,0,0] VTK=[0,0,0,0,0,0,0,0,0]
i=403 GL=[0,0,0,0,0,0,0,0,0] VTK=[0,0,0,0,0,0,0,0,0]
i=404 GL=[0,0,0,0,0,0,0,0,0] VTK=[0,0,0,0,0,0,0,0,0]